1	1	0	10	2460
2	0	6	16	305
3	0	2	15	1650
4	0	4	7	936
5	0	2	20	1428
6	1	5	9	1650
7	0	3	1	1156
8	0	2	12	596
9	0	2	17	1072
10	1	3	1	1879
11	1	2	1	3046
12	0	2	12	1846
13	0	4	1	2089
14	0	3	0	2145
15	0	2	7	1123
16	1	3	0	3179
17	0	5	1	753
18	1	1	3	2696
19	0	0	10	1528
20	0	2	14	1511
21	0	1	16	1907
22	0	1	15	1804
23	0	3	0	605
24	1	2	7	3148
25	0	1	4	701
26	0	2	7	2300
27	0	2	11	2793
28	1	2	1	2546
29	0	3	7	2378
30	1	3	7	2902
31	0	6	7	1619
32	1	2	0	1648
33	0	4	3	1992
34	1	1	0	743
35	0	4	1	29
36	0	2	3	1046
37	1	2	9	530
38	1	1	4	2509
39	0	1	4	30
40	0	4	0	2413
41	1	1	4	2386
42	0	2	8	2637
43	0	2	12	2663
44	0	4	17	1190
45	1	4	16	2436
46	0	1	19	834
47	0	1	4	1498
48	0	2	4	101
49	0	1	12	1516
50	1	2	2	3051
51	1	0	10	1335
52	0	1	4	592
53	0	2	0	2169
54	0	5	1	867
55	1	3	12	217
56	0	3	20	931
57	0	1	19	2388
58	0	2	2	587
59	1	5	1	357
60	0	5	1	987
61	0	2	17	3182
62	1	3	3	1958
63	0	1	4	1675
64	0	1	1	1804
65	0	3	12	1089
66	0	2	18	2748
67	1	5	5	3047
68	0	1	4	1804
69	1	2	1	3387
70	0	1	4	460
71	0	2	14	1625
72	1	4	0	2045
73	0	1	4	1804
74	0	3	14	1153
75	1	0	10	2104
76	0	3	7	357
77	0	1	4	1966
78	1	4	1	1349
79	1	4	0	2924
80	0	6	1	1244
81	1	2	0	407
82	0	2	17	2554
83	1	2	2	684
84	0	1	4	2961
85	0	1	4	1869
86	1	0	10	344
87	0	2	14	1938
88	1	4	1	1073
89	1	6	9	633
90	0	6	13	633
91	0	3	7	531
92	1	1	4	2714
93	0	2	17	2696
94	0	2	17	980
95	0	4	0	2201
96	1	2	16	541
97	1	3	3	2760
98	1	3	7	1191
99	1	0	10	630
100	0	3	17	2903
101	1	1	3	1707
102	0	3	19	800
103	0	4	7	1102
104	0	2	12	1613
105	0	4	12	1118
106	1	3	11	1155
107	0	4	18	3082
108	0	2	12	1023
109	0	4	15	3169
110	0	2	2	2010
111	0	3	15	2711
112	0	2	16	1263
113	0	1	12	841
114	1	2	2	1459
115	0	2	17	1491
116	0	2	17	2325
117	0	2	17	1707
118	0	3	17	1033
119	1	0	10	321
120	0	2	11	384
121	0	3	7	1644
122	1	1	4	1498
123	0	3	9	80
124	0	6	7	2319
125	0	4	14	459
126	0	1	9	2545
127	1	4	3	313
128	0	6	6	733
129	0	2	11	697
130	0	3	17	1182
131	0	1	4	1180
132	0	2	17	1261
133	1	2	0	3218
134	0	2	0	530
135	0	1	4	919
136	0	1	2	481
137	1	4	6	1926
138	0	1	20	2236
139	1	2	20	2523
140	1	3	1	2759
141	0	3	13	1997
142	0	2	7	1099
143	0	1	3	1286
144	0	2	17	1344
145	0	1	4	643
146	1	3	20	3340
147	0	1	4	661
148	0	5	17	268
149	0	2	1	2557
150	0	3	7	2053
151	1	2	20	3122
152	0	1	4	1595
153	0	0	10	1760
154	0	5	20	1153
155	0	3	12	419
156	1	4	7	3300
157	0	3	16	214
158	0	6	7	2038
159	1	4	0	733
160	0	3	7	2427
161	0	4	16	3382
162	1	1	4	3392
163	0	1	4	3122
164	1	6	13	1828
165	0	1	16	766
166	0	1	4	1634
167	1	2	11	3336
168	1	5	0	1157
169	0	2	7	2139
170	0	2	11	1230
171	1	5	17	446
172	0	2	3	1218
173	0	2	0	1499
174	0	2	16	1003
175	1	2	2	2971
176	1	1	3	2831
177	0	5	1	1242
178	0	6	17	959
179	0	2	0	743
180	0	4	12	228
181	0	1	17	2756
182	0	1	4	3095
183	1	4	1	641
184	1	2	0	1083
185	0	4	0	2507
186	0	1	5	2933
187	1	4	1	2564
188	0	6	16	654
189	0	1	0	1458
190	0	2	17	1784
191	0	1	4	1643
192	0	1	1	864
193	1	4	15	2298
194	1	0	10	1601
195	0	2	12	2800
196	1	3	9	989
197	0	1	14	3148
198	0	2	12	1305
199	0	1	4	2708
200	1	1	4	2227
201	1	3	2	1650
202	0	1	4	1804
203	1	1	4	2572
204	0	2	7	23
205	0	3	12	1343
206	0	2	17	2516
207	0	2	12	1544
208	0	3	17	1799
209	0	3	1	10
210	1	0	10	2667
211	0	4	17	1605
212	0	2	16	3141
213	1	1	4	701
214	0	1	20	1923
215	0	3	14	1069
216	0	4	13	1474
217	0	1	4	1123
218	0	3	14	1282
219	1	2	4	1511
220	0	2	12	1123
221	1	2	0	208
222	0	2	1	1585
223	0	2	17	1786
224	1	1	4	1433
225	0	2	7	1692
226	0	3	1	2003
227	0	3	20	703
228	0	2	15	1428
229	0	1	10	1183
230	0	4	1	470
231	0	2	3	1428
232	0	2	20	2764
233	1	4	20	1071
234	0	3	7	2486
235	0	2	0	2239
236	0	2	5	1469
237	0	2	6	37
238	1	5	7	703
239	0	1	19	3129
240	0	5	17	1511
241	0	3	20	2057
242	1	1	4	1804
243	0	2	16	2204
244	0	5	7	2948
245	0	3	16	1735
246	1	1	4	728
247	0	2	17	577
248	0	1	17	1121
249	1	1	14	2471
250	0	3	16	2446
251	0	6	17	2721
252	0	2	12	3197
253	1	2	11	2380
254	0	3	17	22
255	0	3	0	1237
256	0	4	16	3206
257	0	1	18	1511
258	0	2	7	2401
259	0	2	1	325
260	0	1	19	704
261	0	2	20	1472
262	1	2	1	72
263	1	2	7	3052
264	0	3	0	969
265	1	3	7	1585
266	0	3	11	1644
267	0	4	12	799
268	1	1	12	798
269	0	2	2	2764
270	0	5	14	1143
271	0	1	4	546
272	0	1	0	2050
273	0	1	4	2070
274	0	1	4	1428
275	0	2	0	3277
276	0	4	16	2192
277	1	3	1	704
278	0	4	18	3264
279	0	2	14	615
280	0	5	7	663
281	1	3	0	1791
282	0	2	17	1507
283	0	2	0	2870
284	0	2	12	2140
285	1	3	0	1124
286	0	2	1	326
287	0	5	13	198
288	1	2	12	2999
289	1	2	0	138
290	1	2	20	1510
291	0	3	12	946
292	0	3	7	1518
293	0	6	1	1739
294	1	4	9	1727
295	0	1	0	2946
296	0	5	5	2097
297	0	1	2	2809
298	1	1	4	866
299	0	2	12	2380
300	0	2	7	2692
301	0	1	4	30
302	0	1	4	3294
303	0	2	7	919
304	0	2	0	1143
305	1	1	0	1143
306	0	1	0	2047
307	0	5	16	2369
308	0	2	2	1488
309	0	2	4	1448
310	1	1	4	520
311	0	1	4	1924
312	1	5	2	1503
313	1	1	4	3202
314	1	6	9	236
315	1	6	1	2721
316	0	6	13	1107
317	0	3	7	393
318	1	6	13	1149
319	1	5	6	3243
320	0	3	6	2621
321	0	1	4	831
322	0	6	17	1650
323	0	4	12	1921
324	0	3	17	2058
325	1	5	3	1487
326	0	5	11	369
327	0	3	18	2598
328	0	3	12	2412
329	0	3	7	3155
330	0	6	7	678
331	0	2	7	582
332	0	5	1	69
333	0	3	2	2823
334	1	6	2	1511
335	0	3	18	164
336	0	1	0	1949
337	0	1	19	1116
338	0	3	7	1585
339	0	5	7	2255
340	1	2	3	1796
341	1	6	13	1835
342	0	1	12	3206
343	1	3	3	2495
344	0	3	14	1420
345	0	2	12	2291
346	1	2	0	946
347	1	6	1	3145
348	0	5	7	946
349	0	0	10	1058
350	0	4	20	1058
351	0	1	4	2721
352	0	1	4	972
353	1	3	7	1737
354	0	3	1	1650
355	0	1	3	2759
356	0	6	20	1436
357	0	1	0	2924
358	1	6	1	2529
359	0	2	17	831
360	0	3	17	2324
361	1	2	14	1544
362	0	3	20	641
363	0	1	10	2949
364	1	3	1	405
365	1	1	4	3202
366	0	5	15	1469
367	0	5	12	1992
368	0	2	0	681
369	0	3	1	946
370	0	1	17	3052
371	0	1	4	1718
372	1	1	4	190
373	1	2	2	2477
374	1	3	14	625
375	0	2	2	2058
376	0	3	1	1825
377	0	2	17	2102
378	1	1	0	2721
379	1	3	1	2689
380	0	2	2	783
381	0	3	17	1062
382	1	3	20	975
383	1	2	7	2009
384	0	2	11	1484
385	0	2	6	279
386	0	2	0	2764
387	1	3	7	2306
388	1	2	0	3070
389	0	2	6	235
390	0	2	4	1327
391	0	4	11	438
392	0	1	7	848
393	0	3	17	498
394	0	1	0	791
395	0	1	5	1149
396	0	2	1	2684
397	0	3	17	3009
398	0	2	17	42
399	1	3	6	831
400	1	1	3	1515
401	0	1	0	3247
402	0	2	11	2070
403	0	1	4	3202
404	0	1	4	740
405	0	6	1	2340
406	0	2	20	2721
407	0	1	17	2394
408	0	2	11	3387
409	0	1	12	2045
410	1	2	1	1277
411	1	4	1	2993
412	0	3	15	1650
413	0	2	11	2445
414	0	2	0	894
415	1	3	0	2503
416	0	4	14	3206
417	1	2	0	823
418	1	2	3	1242
419	0	1	3	1515
420	0	3	1	2503
421	1	4	3	1784
422	0	6	17	1149
423	0	1	4	1428
424	0	2	17	1487
425	0	2	12	217
426	0	1	4	1428
427	0	3	12	1149
428	1	1	4	1428
429	0	1	0	3126
430	1	1	10	415
431	0	1	10	217
432	0	4	16	415
433	0	5	6	1674
434	1	4	3	109
435	0	2	7	1784
436	0	1	4	1247
437	0	3	17	2289
438	0	1	11	959
439	0	3	14	3247
440	0	6	1	150
441	0	3	1	2495
442	0	2	1	2721
443	0	2	3	1992
444	0	6	0	1305
445	0	4	12	1650
446	1	5	0	2151
447	1	4	11	2721
448	0	2	17	2610
449	0	2	7	1014
450	0	4	1	2511
451	0	6	13	210
452	0	5	17	1650
453	0	1	4	2569
454	0	2	20	614
455	1	3	2	1511
456	0	3	0	2721
457	0	1	4	187
458	0	5	16	1327
459	1	1	4	2721
460	0	4	18	2408
461	0	5	7	1484
462	0	1	16	2711
463	0	2	7	2721
464	1	1	4	1428
465	0	1	19	3393
466	0	2	5	1327
467	1	3	3	1484
468	1	0	10	2035
469	0	3	6	2045
470	1	0	10	2207
471	0	3	7	3345
472	0	3	0	2102
473	1	1	4	1487
474	0	2	17	978
475	1	2	2	1992
476	0	3	0	2495
477	0	3	14	2823
478	0	5	16	1511
479	0	2	12	2151
480	1	1	4	1515
481	0	4	7	1674
482	0	2	14	3145
483	0	1	12	2721
484	1	0	10	1149
485	0	6	7	2151
486	0	6	0	838
487	1	3	17	2035
488	0	2	12	2759
489	0	1	4	1428
490	0	0	10	1890
491	0	1	4	3186
492	0	2	12	1487
493	0	5	7	2831
494	1	3	0	207
495	0	1	10	1992
496	0	1	4	1428
497	1	2	17	3226
498	0	3	17	1511
499	1	2	1	1305
500	1	1	2	2721
501	0	2	2	3192
502	0	3	6	1469
503	0	3	11	162
504	0	2	2	2615
505	0	3	17	486
506	0	2	16	116
507	1	2	0	1327
508	0	2	12	2102
509	0	2	2	1784
510	0	1	12	69
511	1	4	4	1112
512	0	3	0	1168
513	0	2	0	949
514	0	2	2	1511
515	0	2	1	2503
516	1	6	14	1570
517	1	2	14	2764
518	1	3	12	172
519	1	3	14	523
520	1	3	20	1149
521	0	6	7	2721
522	0	2	12	149
523	0	5	7	2721
524	0	1	0	918
525	0	3	6	2315
526	0	4	17	2000
527	1	2	2	1587
528	1	1	17	25
529	0	3	12	56
530	0	2	2	33
531	1	1	14	2680
532	0	2	7	1572
533	0	2	12	1940
534	0	2	15	582
535	0	3	6	1879
536	0	2	20	46
537	0	4	14	501
538	0	6	16	2910
539	0	2	2	116
540	0	1	1	3335
541	1	1	4	445
542	0	1	4	322
543	0	2	5	1563
544	0	3	12	990
545	0	3	17	535
546	1	2	0	1944
547	0	3	12	83
548	1	3	16	2912
549	0	2	6	2930
550	0	4	8	345
551	0	3	20	1585
552	0	5	18	2321
553	0	2	2	2644
554	0	2	12	1658
555	0	1	4	2271
556	1	2	9	1955
557	0	6	1	1134
558	0	3	20	1305
559	1	2	7	1574
560	0	4	15	3195
561	1	1	14	1560
562	0	3	20	2938
563	0	2	4	460
564	0	4	1	3362
565	0	2	16	1971
566	0	2	17	3231
567	0	3	20	550
568	1	5	17	200
569	1	1	4	3135
570	0	2	4	1707
571	0	5	5	2903
572	0	1	4	121
573	1	3	2	112
574	0	2	19	3018
575	0	2	12	130
576	1	4	15	287
577	0	3	0	3155
578	0	1	17	1917
579	0	2	5	1861
580	0	0	10	1561
581	0	5	14	2639
582	0	1	4	1478
583	1	2	0	2460
584	1	2	0	160
585	0	1	1	460
586	0	3	14	2437
587	0	2	20	361
588	1	2	11	853
589	0	1	2	2985
590	1	3	6	3333
591	0	2	0	1152
592	0	1	0	3328
593	1	5	1	2749
594	1	6	13	1458
595	0	2	7	33
596	1	2	1	6
597	0	3	12	1908
598	0	3	7	1694
599	0	5	6	21
600	0	3	17	2440
601	1	1	20	1268
602	1	6	6	2900
603	1	2	6	3149
604	0	4	17	3149
605	1	1	4	3162
606	1	0	10	1299
607	0	2	0	2953
608	0	1	4	3015
609	0	2	7	2755
610	0	2	4	2530
611	0	3	0	588
612	0	5	7	874
613	0	3	20	1335
614	0	3	1	1647
615	0	5	17	1002
616	0	2	7	1544
617	1	2	7	367
618	0	2	0	1745
619	1	1	1	198
620	0	1	0	192
621	0	1	4	742
622	0	2	0	812
623	0	2	17	3026
624	0	2	1	1556
625	1	3	12	2298
626	0	1	4	1774
627	0	5	2	1028
628	1	3	0	588
629	1	0	10	2014
630	1	3	14	1911
631	0	3	17	980
632	0	4	17	3063
633	0	2	17	2644
634	1	0	10	1816
635	0	6	17	1356
636	0	1	20	2272
637	0	3	12	1948
638	0	2	6	1104
639	0	4	17	1399
640	0	1	4	1696
641	1	3	0	1585
642	1	3	1	3156
643	0	2	2	2144
644	0	2	20	2720
645	0	3	20	1692
646	0	3	7	1746
647	0	3	12	2494
648	1	2	12	2644
649	0	2	4	1721
650	0	2	17	188
651	0	3	7	707
652	0	1	20	902
653	0	6	13	2741
654	0	5	7	2658
655	1	2	2	1738
656	1	4	16	1909
657	1	5	13	435
658	1	2	0	3070
659	1	2	0	786
660	0	4	16	2294
661	0	4	1	3270
662	0	1	4	2825
663	1	2	7	705
664	0	3	18	1801
665	0	1	2	2112
666	1	1	0	1840
667	0	2	18	429
668	1	2	3	2881
669	0	2	17	2008
670	0	2	12	587
671	0	1	4	674
672	0	3	7	58
673	0	2	20	3148
674	0	2	17	2881
675	0	2	20	2252
676	0	1	16	3247
677	0	5	2	271
678	0	2	0	2073
679	0	3	16	297
680	0	2	12	425
681	0	3	7	2998
682	0	2	4	2100
683	0	2	4	1940
684	0	2	4	2100
685	0	2	4	1940
686	0	1	4	1940
687	1	2	7	2654
688	0	6	13	2677
689	1	5	0	1714
690	0	2	12	2337
691	0	3	11	2220
692	1	2	0	675
693	0	3	12	2924
694	0	1	4	97
695	1	1	1	927
696	0	2	12	2291
697	1	5	6	1773
698	0	1	4	97
699	0	1	0	2804
700	0	5	17	505
701	1	1	4	1747
702	0	3	7	1740
703	1	6	1	1615
704	1	3	8	204
705	0	2	4	2082
706	0	3	20	2692
707	0	3	7	1038
708	0	2	0	1950
709	0	1	0	1656
710	0	2	20	675
711	0	2	18	2984
712	0	2	0	2128
713	0	3	7	2212
714	0	1	4	2308
715	0	1	0	2572
716	0	1	4	106
717	0	2	11	2329
718	0	1	2	2329
719	0	0	0	2583
720	0	1	0	3247
721	1	3	9	2931
722	0	2	12	2058
723	0	2	12	751
724	0	5	13	1779
725	0	6	11	3345
726	1	2	9	3321
727	0	3	11	2564
728	0	2	6	263
729	0	3	12	416
730	0	2	0	155
731	0	4	3	2823
732	0	2	7	1253
733	0	3	16	2600
734	0	2	7	2683
735	0	2	14	927
736	0	1	12	503
737	0	0	19	21
738	0	1	17	2565
739	0	3	12	1089
740	0	2	14	2434
741	0	2	5	1824
742	0	1	0	3339
743	1	0	2	1264
744	0	2	17	1018
745	0	0	10	3181
746	1	1	19	744
747	0	1	4	540
748	0	2	0	1532
749	0	3	18	2273
750	1	3	9	38
751	1	2	17	3043
752	1	2	3	327
753	0	0	10	270
754	0	3	7	291
755	1	3	0	2690
756	0	3	0	1917
757	0	2	12	327
758	0	3	7	2292
759	1	6	3	1313
760	0	6	15	2291
761	0	1	7	1742
762	0	0	10	2918
763	0	1	10	2120
764	0	1	20	1455
765	0	2	17	2208
766	1	2	7	632
767	0	2	12	1141
768	0	2	12	307
769	0	4	17	304
770	0	1	4	3111
771	1	5	1	1979
772	0	1	12	2925
773	0	2	6	711
774	0	1	4	1123
775	0	0	17	986
776	1	2	3	468
777	0	1	19	2855
778	0	1	17	3084
779	0	2	0	1626
780	0	2	17	3222
781	0	1	4	2043
782	0	6	1	2788
783	0	2	4	460
784	0	1	0	2226
785	0	1	19	1085
786	0	2	0	1363
787	0	1	4	2840
788	0	2	0	2081
789	0	1	1	868
790	0	2	17	1238
791	0	3	7	1451
792	0	2	17	1747
793	1	3	14	2464
794	0	5	20	2413
795	1	3	14	1887
796	0	5	6	2675
797	1	5	7	942
798	1	2	20	2403
799	1	2	5	977
800	1	3	12	417
801	1	2	20	2653
802	0	2	16	881
803	0	1	4	1489
804	0	2	20	3207
805	0	3	12	1944
806	0	3	0	48
807	0	1	4	1062
808	0	2	7	3134
809	0	2	17	645
810	0	2	12	1005
811	0	5	0	258
812	0	2	6	519
813	0	1	4	277
814	1	1	4	812
815	0	2	4	1338
816	0	4	0	2553
817	0	1	4	76
818	0	1	4	2846
819	0	3	7	688
820	0	3	7	2649
821	0	1	2	3176
822	1	2	1	61
823	0	2	0	1037
824	0	3	12	1153
825	0	6	1	2384
826	1	3	1	240
827	0	4	2	2445
828	0	1	4	2941
829	0	0	19	21
830	0	3	7	3211
831	1	4	0	3008
832	0	1	2	1573
833	0	3	7	1892
834	1	3	12	2706
835	0	6	0	1845
836	0	2	11	3148
837	0	6	7	1840
838	0	5	17	2531
839	0	2	0	2924
840	1	2	3	2194
841	1	5	14	1835
842	1	1	0	2569
843	0	2	7	1982
844	0	2	0	2247
845	1	1	0	1571
846	0	2	5	2693
847	1	2	7	2165
848	0	2	15	2609
849	0	2	3	135
850	0	3	0	407
851	0	1	4	1294
852	0	2	5	2029
853	0	2	17	2024
854	1	2	16	2235
855	1	1	2	2018
856	1	4	6	1414
857	0	3	17	1732
858	0	3	14	512
859	0	2	12	740
860	0	1	0	338
861	0	2	7	2016
862	0	3	7	33
863	0	2	7	3282
864	1	2	0	1688
865	0	3	1	2749
866	0	0	10	2697
867	0	4	12	2098
868	0	5	17	442
869	0	1	20	1865
870	1	2	1	3254
871	0	0	10	2308
872	0	5	1	2529
873	0	6	6	2315
874	0	4	15	2973
875	0	0	10	1827
876	0	2	4	1994
877	0	2	0	91
878	0	1	2	137
879	0	4	16	1526
880	0	3	17	2291
881	0	1	14	97
882	0	1	2	137
883	1	3	14	2485
884	0	0	10	3028
885	0	3	0	815
886	1	6	0	2397
887	1	6	16	1890
888	1	0	10	2697
889	0	4	20	896
890	0	1	4	1375
891	0	2	1	857
892	0	3	0	2891
893	1	5	6	1850
894	0	1	4	3023
895	0	5	1	348
896	0	1	15	594
897	0	2	6	130
898	0	2	7	1774
899	1	2	1	1057
900	1	6	13	3209
901	1	6	0	3334
902	0	6	0	2005
903	0	6	13	3127
904	0	3	20	377
905	1	4	12	651
906	0	0	10	1990
907	1	4	6	367
908	1	5	1	3328
909	0	4	7	2791
910	1	5	0	299
911	0	5	0	299
912	1	3	2	953
913	0	2	0	98
914	1	3	9	1318
915	0	2	7	861
916	1	2	1	1900
917	0	5	6	367
918	1	4	1	940
919	1	3	1	2950
920	0	1	4	250
921	0	2	17	1900
922	0	6	16	1441
923	0	2	7	1810
924	0	5	17	3368
925	1	3	3	1528
926	0	0	10	1691
927	1	2	20	1782
928	1	6	16	2544
929	0	2	15	1804
930	0	2	5	943
931	1	6	1	426
932	1	3	6	988
933	0	4	1	3362
934	1	3	7	327
935	0	3	14	3287
936	0	1	4	1568
937	0	2	15	196
938	1	2	1	2161
939	1	2	20	248
940	0	0	10	2146
941	0	1	20	1437
942	1	5	6	2276
943	1	4	12	108
944	0	3	0	1061
945	0	4	7	2978
946	0	3	7	1714
947	0	1	0	2366
948	0	6	12	381
949	0	5	17	1614
950	0	3	7	3123
951	0	4	2	772
952	0	6	16	1385
953	0	5	20	2828
954	1	2	0	1001
955	1	5	7	1534
956	0	3	1	1149
957	0	3	1	194
958	0	3	2	2400
959	0	5	11	1426
960	0	0	10	1384
961	0	1	10	1663
962	1	2	1	981
963	0	2	0	414
964	0	2	7	1046
965	0	6	7	3340
966	0	6	2	1905
967	1	1	0	3341
968	0	5	12	1153
969	1	2	11	404
970	0	2	0	2796
971	0	2	12	3341
972	0	4	1	3202
973	1	2	1	1825
974	0	3	19	202
975	0	3	0	2313
976	0	3	14	1270
977	0	2	2	3058
978	0	1	0	1093
979	0	0	10	1528
980	0	2	6	295
981	0	2	20	1718
982	1	2	9	3040
983	1	2	16	557
984	0	5	16	2876
985	0	2	4	2594
986	1	6	0	434
987	1	3	17	2730
988	0	5	11	3132
989	0	5	0	1931
990	0	1	6	1759
991	1	2	9	1714
992	1	3	3	1208
993	0	2	0	2561
994	0	1	2	2411
995	1	1	4	1081
996	0	2	17	2110
997	0	0	19	1702
998	0	4	20	33
999	0	2	15	3295
1000	1	2	6	2369
1001	0	2	4	2985
1002	0	5	11	3301
1003	0	2	2	1943
1004	0	2	3	2128
1005	0	3	11	289
1006	0	1	4	2588
1007	0	5	12	2025
1008	0	3	3	90
1009	0	5	7	1070
1010	0	2	0	1554
1011	0	2	8	1402
1012	1	3	1	2166
1013	0	6	13	3114
1014	1	4	17	1271
1015	0	3	3	2065
1016	0	6	16	1439
1017	0	3	0	2979
1018	0	1	4	2634
1019	0	3	1	407
1020	0	1	20	2873
1021	0	3	0	1245
1022	0	2	3	2387
1023	0	6	13	1540
1024	1	3	1	0
1025	0	2	16	49
1026	1	4	0	2793
1027	0	1	4	1774
1028	1	4	7	2351
1029	0	2	0	542
1030	0	2	7	2832
1031	0	3	16	2602
1032	0	5	16	2481
1033	0	2	5	1458
1034	1	3	1	2635
1035	0	1	2	628
1036	0	3	7	1060
1037	0	4	7	1445
1038	1	6	15	2516
1039	1	3	1	2977
1040	0	2	11	1165
1041	0	4	2	2345
1042	0	3	5	2699
1043	1	5	11	2123
1044	0	2	20	2018
1045	1	0	10	3166
1046	0	6	18	1435
1047	0	1	0	3357
1048	0	3	6	1862
1049	0	4	14	273
1050	0	2	1	347
1051	1	2	0	196
1052	1	3	2	892
1053	0	3	0	356
1054	0	0	10	167
1055	0	3	0	1061
1056	0	0	0	999
1057	0	4	17	447
1058	0	2	1	3033
1059	1	2	0	1945
1060	0	1	10	1525
1061	0	4	0	1275
1062	0	5	19	1146
1063	0	3	7	738
1064	0	2	7	1841
1065	1	2	0	122
1066	0	4	12	593
1067	0	3	12	122
1068	1	1	4	1175
1069	0	2	20	1958
1070	1	4	2	1797
1071	0	5	16	2383
1072	1	3	7	869
1073	1	2	6	1961
1074	0	4	17	1528
1075	1	2	6	1264
1076	1	2	3	776
1077	0	2	3	1264
1078	1	4	9	3293
1079	0	2	7	2307
1080	0	6	7	2674
1081	0	1	4	1087
1082	0	4	7	518
1083	0	6	0	1906
1084	0	0	19	1711
1085	0	2	7	3079
1086	0	1	4	3073
1087	0	2	16	2604
1088	1	0	10	2924
1089	0	3	6	558
1090	0	2	7	2281
1091	0	1	5	2709
1092	1	1	4	2231
1093	0	5	14	67
1094	1	1	0	574
1095	1	6	6	2326
1096	0	0	10	1076
1097	0	1	17	2411
1098	0	3	7	1869
1099	0	2	17	2577
1100	0	2	0	2772
1101	0	3	1	3305
1102	0	1	1	2764
1103	1	4	7	386
1104	0	3	11	3148
1105	0	3	6	815
1106	0	1	4	2799
1107	1	5	1	682
1108	0	6	1	180
1109	0	1	10	873
1110	1	6	6	1774
1111	1	5	16	1396
1112	0	1	6	516
1113	0	1	4	2181
1114	1	1	9	1472
1115	1	2	1	1918
1116	0	2	15	2247
1117	0	1	14	430
1118	0	5	13	964
1119	0	3	1	2031
1120	0	1	4	2634
1121	0	6	7	2682
1122	0	6	14	3113
1123	0	5	0	827
1124	0	2	2	1626
1125	1	1	4	2572
1126	0	6	16	1032
1127	0	2	0	882
1128	0	2	1	2018
1129	0	3	17	2746
1130	0	1	7	1792
1131	0	6	13	1936
1132	0	1	12	3073
1133	0	1	2	1565
1134	0	1	20	2988
1135	0	5	13	2201
1136	1	3	7	237
1137	0	1	4	3360
1138	0	1	12	1713
1139	0	2	1	568
1140	1	4	2	447
1141	1	2	3	665
1142	0	1	1	410
1143	0	5	7	1350
1144	0	2	7	847
1145	0	5	3	3328
1146	1	1	16	1942
1147	0	2	20	3022
1148	0	3	17	3235
1149	0	2	12	2924
1150	1	2	20	174
1151	0	2	15	1881
1152	0	1	4	2707
1153	0	1	10	2940
1154	1	0	10	1608
1155	0	2	12	843
1156	1	5	2	1405
1157	0	4	7	3271
1158	1	3	1	2129
1159	0	1	0	2478
1160	0	1	14	3228
1161	0	2	0	1488
1162	1	3	0	1945
1163	0	0	10	2316
1164	1	2	19	257
1165	0	2	12	3251
1166	0	6	6	1593
1167	1	5	1	1469
1168	1	2	0	1124
1169	0	2	20	122
1170	0	6	3	3148
1171	0	4	12	2291
1172	1	2	0	121
1173	1	2	7	33
1174	1	1	16	3154
1175	1	2	2	257
1176	0	6	1	2425
1177	1	2	17	1983
1178	0	6	0	2458
1179	0	5	1	767
1180	1	5	20	924
1181	0	3	7	830
1182	0	0	10	2559
1183	0	3	19	752
1184	1	2	4	2989
1185	1	3	1	1307
1186	0	1	19	766
1187	1	0	0	2985
1188	0	4	7	592
1189	0	2	0	204
1190	0	4	0	1325
1191	1	3	0	2545
1192	0	5	16	2924
1193	0	2	12	1000
1194	1	2	1	3196
1195	1	0	10	1787
1196	1	1	14	2236
1197	0	3	1	1090
1198	0	0	10	1537
1199	0	5	13	1550
1200	0	0	0	2348
1201	0	1	4	3167
1202	0	3	12	551
1203	1	2	1	3305
1204	0	2	7	2043
1205	1	6	0	2335
1206	1	5	7	2237
1207	0	5	0	2813
1208	0	2	0	465
1209	0	3	7	537
1210	0	2	17	1127
1211	0	1	4	1304
1212	1	5	1	168
1213	0	5	0	1061
1214	0	6	13	2124
1215	0	3	17	3246
1216	0	2	2	872
1217	0	2	12	3225
1218	0	6	15	1800
1219	0	2	7	1705
1220	0	0	10	1528
1221	0	1	0	2206
1222	0	3	0	380
1223	0	2	2	1368
1224	0	5	13	3322
1225	0	4	7	2088
1226	0	1	20	3318
1227	0	5	1	2369
1228	0	2	1	1715
1229	1	2	4	403
1230	0	2	11	1360
1231	0	2	12	3205
1232	1	1	4	2197
1233	1	4	20	3027
1234	0	1	4	789
1235	1	2	7	258
1236	1	2	1	554
1237	0	1	4	1505
1238	1	3	20	1692
1239	1	2	20	352
1240	1	1	14	3254
1241	0	0	10	1424
1242	1	3	0	324
1243	0	3	15	468
1244	0	2	4	777
1245	0	2	17	176
1246	0	1	4	3073
1247	0	3	0	361
1248	1	3	20	752
1249	0	3	2	989
1250	0	5	0	2535
1251	0	2	7	1589
1252	0	6	13	3130
1253	1	3	20	2563
1254	1	1	1	3254
1255	0	2	17	2436
1256	0	2	20	3088
1257	1	1	14	1024
1258	0	4	7	3143
1259	0	3	7	2636
1260	0	2	17	1786
1261	0	1	4	2125
1262	0	2	4	1123
1263	0	0	10	1655
1264	0	2	1	21
1265	1	1	20	1982
1266	0	2	4	1154
1267	0	2	15	1284
1268	0	5	2	1722
1269	1	6	13	1479
1270	0	2	6	2117
1271	1	4	6	3401
1272	0	1	20	424
1273	0	3	2	669
1274	0	4	7	829
1275	0	5	17	323
1276	0	3	17	543
1277	1	1	0	1387
1278	0	1	4	955
1279	0	3	1	766
1280	0	0	10	1980
1281	0	2	19	1263
1282	0	5	1	966
1283	1	1	1	524
1284	0	4	16	1405
1285	0	3	4	821
1286	0	3	17	2528
1287	1	5	7	2052
1288	1	3	19	2861
1289	0	4	6	3024
1290	0	3	0	876
1291	1	3	0	1099
1292	0	2	7	1131
1293	0	2	5	1048
1294	1	5	20	2489
1295	1	3	6	3085
1296	0	0	0	906
1297	0	2	7	2411
1298	0	3	6	2782
1299	0	2	14	2320
1300	0	0	10	3043
1301	1	2	2	2114
1302	0	1	4	840
1303	0	2	19	708
1304	0	2	14	1529
1305	0	4	20	2609
1306	0	2	3	2245
1307	0	6	13	1790
1308	0	0	10	1689
1309	0	2	14	2376
1310	0	4	0	2279
1311	0	1	10	237
1312	0	2	14	1604
1313	0	1	4	2993
1314	1	1	4	1423
1315	0	3	7	892
1316	0	5	2	2580
1317	0	4	7	3170
1318	0	1	16	3331
1319	1	2	3	2821
1320	0	2	4	777
1321	1	2	14	2638
1322	0	6	0	258
1323	1	3	2	1667
1324	0	3	16	1253
1325	0	2	1	1680
1326	1	2	0	2307
1327	0	0	10	2944
1328	0	3	14	3211
1329	0	1	14	2158
1330	0	6	1	533
1331	0	4	0	2171
1332	0	2	7	1196
1333	0	2	17	3092
1334	0	5	7	1558
1335	0	3	0	2303
1336	1	5	20	2543
1337	0	6	17	915
1338	0	2	0	526
1339	0	3	18	2913
1340	0	2	7	2628
1341	0	1	7	306
1342	0	3	0	2991
1343	0	3	14	953
1344	1	2	9	2490
1345	1	2	2	2583
1346	0	3	20	334
1347	1	1	1	621
1348	1	0	10	927
1349	0	5	7	1700
1350	1	3	0	843
1351	1	2	17	2768
1352	0	3	20	271
1353	0	0	10	2444
1354	1	2	2	1494
1355	1	4	20	927
1356	1	1	4	12
1357	0	4	0	1314
1358	0	3	17	2920
1359	0	3	1	1685
1360	0	2	20	713
1361	1	2	0	327
1362	0	3	12	1213
1363	0	5	7	903
1364	1	4	2	1184
1365	1	0	10	757
1366	0	0	10	2463
1367	0	2	12	1120
1368	1	2	3	2205
1369	0	2	5	1019
1370	0	3	2	335
1371	1	5	2	3211
1372	0	0	10	2971
1373	1	2	1	1149
1374	0	5	1	1317
1375	1	4	5	2128
1376	1	4	1	1712
1377	0	3	16	726
1378	1	4	7	3123
1379	1	6	13	2251
1380	0	0	10	2805
1381	0	1	11	1166
1382	1	4	1	2747
1383	1	2	7	948
1384	0	1	10	2895
1385	1	2	5	2838
1386	1	2	0	722
1387	1	5	13	2497
1388	0	6	20	1056
1389	0	2	17	1298
1390	0	3	16	3272
1391	0	3	15	2822
1392	0	4	3	3175
1393	0	1	4	1693
1394	1	2	3	1791
1395	0	2	2	722
1396	1	2	12	1153
1397	0	3	7	3330
1398	1	6	16	1131
1399	0	1	17	3096
1400	0	2	7	130
1401	1	1	1	2590
1402	0	1	4	451
1403	1	2	0	3117
1404	0	5	16	661
1405	0	6	13	1829
1406	0	2	4	1566
1407	1	3	15	2250
1408	0	2	0	2174
1409	0	1	4	2181
1410	0	5	7	577
1411	0	3	1	748
1412	0	2	17	1122
1413	0	1	3	3103
1414	0	1	4	3261
1415	0	4	14	292
1416	0	2	14	3022
1417	0	3	16	3121
1418	0	1	4	414
1419	1	2	1	1388
1420	0	1	4	1719
1421	1	0	10	2250
1422	0	3	17	2928
1423	0	2	4	1840
1424	0	3	0	2115
1425	0	0	10	1755
1426	0	1	14	1473
1427	0	2	12	1215
1428	1	4	11	1818
1429	1	3	3	2446
1430	0	1	4	2181
1431	0	6	6	2172
1432	0	3	1	1968
1433	1	1	14	719
1434	1	0	10	3060
1435	0	2	14	1714
1436	1	5	6	1617
1437	0	5	3	1045
1438	0	1	2	2771
1439	0	3	3	2352
1440	0	3	12	1729
1441	0	3	16	463
1442	0	1	2	705
1443	0	3	2	3090
1444	1	2	4	2077
1445	0	2	2	3177
1446	0	3	12	740
1447	0	1	4	2984
1448	1	2	3	1533
1449	0	3	20	3214
1450	0	1	4	805
1451	0	3	20	1659
1452	1	6	13	3017
1453	0	2	14	642
1454	0	1	4	3392
1455	1	4	0	978
1456	0	2	2	3171
1457	0	2	1	1836
1458	0	0	0	3159
1459	1	2	0	1108
1460	1	1	4	1092
1461	1	4	0	1544
1462	0	3	16	2866
1463	0	5	16	812
1464	0	3	12	1599
1465	0	5	16	180
1466	0	1	4	2431
1467	0	2	5	2377
1468	0	0	14	1887
1469	0	6	20	610
1470	0	1	4	3225
1471	0	2	17	261
1472	0	2	7	3003
1473	0	2	14	45
1474	0	2	4	2307
1475	1	2	2	9
1476	1	1	0	767
1477	1	4	1	451
1478	0	0	10	2196
1479	1	5	2	2935
1480	0	2	20	838
1481	0	3	17	1219
1482	0	2	7	1547
1483	0	1	4	1163
1484	0	2	12	608
1485	1	2	9	2968
1486	0	2	16	1232
1487	0	3	7	139
1488	0	2	7	990
1489	1	3	2	619
1490	0	5	7	529
1491	0	1	4	45
1492	0	2	12	2110
1493	1	2	14	3211
1494	0	2	17	3136
1495	0	1	0	3160
1496	0	2	17	526
1497	0	5	5	1600
1498	0	1	4	2267
1499	0	0	10	875
1500	0	2	17	2307
1501	0	2	11	1472
1502	0	1	4	938
1503	0	2	12	262
1504	0	1	19	777
1505	0	5	11	3059
1506	0	2	7	1679
1507	0	3	17	1694
1508	1	0	10	3000
1509	0	0	0	1424
1510	1	2	1	2460
1511	0	3	12	1964
1512	0	2	20	1332
1513	1	3	16	1241
1514	0	1	4	2181
1515	0	2	16	1875
1516	1	2	12	2562
1517	0	1	0	3088
1518	0	2	2	131
1519	0	1	4	2277
1520	0	2	17	3014
1521	1	2	7	1964
1522	0	3	20	1488
1523	0	2	17	2962
1524	0	1	4	1262
1525	1	2	16	198
1526	0	6	17	2968
1527	0	1	10	2160
1528	0	2	15	1988
1529	0	1	4	1133
1530	0	2	4	21
1531	0	4	17	2343
1532	0	1	14	2049
1533	0	4	1	2728
1534	0	5	12	195
1535	1	1	20	3085
1536	1	3	3	1676
1537	0	1	20	2917
1538	0	2	3	333
1539	0	2	3	3115
1540	0	4	0	1184
1541	0	6	17	182
1542	0	1	17	1098
1543	0	2	11	2004
1544	0	2	12	1598
1545	0	2	20	1571
1546	0	2	4	1123
1547	0	6	13	3155
1548	0	3	1	460
1549	0	3	6	1358
1550	0	1	4	255
1551	0	2	11	2278
1552	0	4	20	3070
1553	1	2	15	1930
1554	1	3	12	392
1555	1	1	0	2278
1556	0	1	4	1528
1557	1	1	4	855
1558	0	1	6	688
1559	0	3	8	324
1560	1	2	3	3134
1561	1	1	4	3359
1562	0	1	20	3016
1563	1	0	10	171
1564	0	5	1	562
1565	0	4	17	1910
1566	0	3	16	860
1567	0	2	12	45
1568	1	0	10	1658
1569	1	6	13	3310
1570	0	1	17	2263
1571	0	2	20	1239
1572	1	2	3	472
1573	0	0	0	485
1574	0	2	6	2155
1575	1	5	7	315
1576	1	4	9	1399
1577	0	6	0	190
1578	0	1	4	2651
1579	0	2	0	619
1580	1	1	4	1152
1581	1	1	4	2870
1582	0	1	0	3289
1583	0	3	6	1544
1584	0	2	19	741
1585	0	6	20	276
1586	0	4	7	3041
1587	1	2	3	1671
1588	0	2	11	309
1589	0	2	0	2128
1590	0	3	1	1241
1591	0	5	7	2726
1592	0	3	7	352
1593	0	2	16	375
1594	1	3	20	512
1595	0	3	1	175
1596	1	1	5	711
1597	0	2	12	3088
1598	0	3	13	1578
1599	0	2	0	3080
1600	0	3	7	527
1601	0	2	12	1676
1602	1	2	7	1335
1603	1	2	0	668
1604	0	2	11	352
1605	1	1	0	2549
1606	1	3	3	1327
1607	0	4	1	743
1608	0	2	11	1680
1609	1	3	9	3107
1610	0	2	11	2162
1611	0	2	0	2640
1612	0	2	17	2223
1613	0	1	20	121
1614	0	3	0	2369
1615	1	4	7	3336
1616	0	2	0	411
1617	0	2	12	1150
1618	0	5	0	1610
1619	0	5	3	2327
1620	0	2	20	1441
1621	0	2	4	1204
1622	0	1	4	2572
1623	0	5	15	545
1624	0	2	0	1156
1625	0	4	0	685
1626	0	1	4	55
1627	0	1	17	1061
1628	0	1	20	1733
1629	0	1	4	2870
1630	0	4	17	3338
1631	1	5	0	1319
1632	0	2	16	1548
1633	1	4	7	2017
1634	1	6	0	2312
1635	0	2	0	929
1636	1	2	19	374
1637	0	6	0	605
1638	1	1	17	2866
1639	0	2	17	2866
1640	0	3	17	1279
1641	0	2	0	3290
1642	0	5	13	1287
1643	0	4	2	1531
1644	0	1	12	2985
1645	1	1	9	3357
1646	0	2	20	2174
1647	0	1	18	2447
1648	0	5	14	1399
1649	0	1	19	2768
1650	0	2	19	524
1651	0	2	12	1729
1652	0	2	16	814
1653	0	1	0	1627
1654	1	4	0	2291
1655	0	1	4	1812
1656	0	2	17	271
1657	1	4	0	3336
1658	1	3	6	3366
1659	1	1	9	2779
1660	1	2	2	2288
1661	0	3	7	1721
1662	0	2	12	2609
1663	0	1	4	2875
1664	1	1	4	1839
1665	0	4	17	3244
1666	0	2	14	945
1667	0	5	16	2466
1668	0	3	2	1130
1669	1	2	17	135
1670	1	6	13	1893
1671	0	3	0	3276
1672	0	2	17	316
1673	0	0	10	1320
1674	0	3	2	1814
1675	1	2	6	1059
1676	0	1	4	421
1677	0	1	14	1937
1678	1	1	17	2173
1679	0	2	12	1190
1680	0	2	20	2198
1681	0	1	4	322
1682	0	2	2	2110
1683	1	2	7	3177
1684	0	1	3	3134
1685	0	3	12	1517
1686	0	3	12	1051
1687	0	2	3	3122
1688	1	1	4	566
1689	0	3	5	775
1690	0	3	16	1349
1691	1	2	17	431
1692	0	3	20	1343
1693	0	2	12	1041
1694	0	2	12	2305
1695	0	2	1	2415
1696	0	3	7	231
1697	1	1	4	1190
1698	0	3	2	1184
1699	1	2	19	2110
1700	0	2	20	112
1701	1	2	4	1169
1702	0	1	10	2832
1703	0	1	15	637
1704	0	2	4	2892
1705	1	1	4	2243
1706	0	2	20	2206
1707	0	5	1	1695
1708	0	2	0	2332
1709	0	2	0	2542
1710	0	1	0	1153
1711	1	1	4	2455
1712	0	2	0	963
1713	0	2	0	1078
1714	0	2	17	2232
1715	0	2	16	1347
1716	0	2	0	3152
1717	1	5	6	2008
1718	0	1	4	2197
1719	0	1	16	2355
1720	0	1	4	1715
1721	0	1	19	2906
1722	0	3	0	1761
1723	0	3	17	456
1724	0	1	4	2869
1725	0	1	19	2150
1726	0	2	2	453
1727	0	3	16	1995
1728	0	1	4	1216
1729	0	2	7	2572
1730	1	1	4	2
1731	1	1	0	2430
1732	0	1	4	941
1733	0	1	14	1681
1734	0	4	17	764
1735	0	1	20	1057
1736	0	6	8	2678
1737	0	3	20	3252
1738	0	3	16	2600
1739	0	6	16	1941
1740	0	6	1	1897
1741	0	3	7	2907
1742	0	2	15	422
1743	0	3	17	3215
1744	0	3	12	1250
1745	0	4	0	2291
1746	0	2	4	2136
1747	0	2	0	1232
1748	0	5	1	927
1749	0	2	2	147
1750	0	5	5	740
1751	0	3	20	1408
1752	0	2	3	2220
1753	0	3	6	2010
1754	0	1	19	368
1755	1	1	4	1774
1756	1	2	1	2611
1757	0	2	4	854
1758	1	2	0	1209
1759	0	2	16	1391
1760	1	2	3	128
1761	0	3	0	1761
1762	0	2	14	1680
1763	0	3	7	2210
1764	0	1	0	2611
1765	0	1	4	941
1766	1	4	0	1828
1767	0	2	20	1442
1768	0	4	16	521
1769	0	2	17	172
1770	0	3	16	26
1771	0	2	17	2465
1772	0	6	2	3075
1773	0	1	4	1253
1774	0	2	17	2193
1775	0	2	4	1557
1776	0	2	0	1863
1777	0	2	20	816
1778	0	1	4	805
1779	0	1	1	3036
1780	0	3	1	2222
1781	1	3	0	353
1782	0	4	0	584
1783	0	1	4	1304
1784	0	1	20	1154
1785	0	1	4	3294
1786	0	4	1	2595
1787	0	1	8	2985
1788	0	4	2	516
1789	0	0	10	1093
1790	0	2	0	432
1791	0	1	4	2442
1792	1	2	2	1896
1793	0	2	4	2278
1794	0	2	11	3077
1795	0	1	17	2627
1796	0	5	11	3187
1797	0	3	7	606
1798	0	4	11	293
1799	0	3	11	883
1800	0	1	4	883
1801	1	2	6	463
1802	0	1	4	1123
1803	0	2	2	1182
1804	0	2	7	2304
1805	0	1	4	639
1806	0	1	4	2107
1807	0	1	17	655
1808	1	1	4	2253
1809	1	2	14	3151
1810	0	5	13	2985
1811	0	6	2	1857
1812	1	2	12	1714
1813	1	3	6	768
1814	0	5	7	324
1815	0	0	1	1543
1816	1	3	9	3128
1817	0	3	1	1804
1818	0	0	8	824
1819	1	3	12	3388
1820	0	2	20	738
1821	0	2	20	1764
1822	1	2	0	3117
1823	1	3	1	2699
1824	1	1	4	2163
1825	0	2	7	2580
1826	0	4	11	1661
1827	1	2	1	2786
1828	0	1	4	1253
1829	0	2	16	499
1830	0	1	4	99
1831	0	1	4	1805
1832	1	1	4	60
1833	0	1	17	1253
1834	0	3	5	2606
1835	0	2	19	1352
1836	0	2	0	1663
1837	0	2	2	517
1838	0	3	7	1099
1839	0	1	4	1788
1840	0	2	12	2489
1841	0	1	0	1766
1842	0	1	4	1805
1843	0	2	12	324
1844	1	1	4	21
1845	0	2	2	3088
1846	0	4	12	2543
1847	0	1	4	2183
1848	0	3	5	1099
1849	0	3	7	1580
1850	0	1	5	2042
1851	0	2	19	1723
1852	0	2	12	1195
1853	0	5	0	2010
1854	0	2	0	3326
1855	0	1	4	2975
1856	0	6	7	678
1857	0	0	10	1909
1858	1	1	4	51
1859	1	2	4	714
1860	0	6	16	1510
1861	0	5	16	2876
1862	0	5	14	2862
1863	0	1	4	10
1864	0	3	7	2345
1865	1	1	1	1079
1866	0	2	7	258
1867	0	5	7	1625
1868	0	5	11	3326
1869	0	4	14	670
1870	0	6	13	454
1871	1	4	1	1136
1872	0	5	20	1909
1873	0	3	7	2422
1874	0	4	7	2043
1875	0	3	12	3291
1876	0	2	12	783
1877	1	4	20	925
1878	0	0	10	2795
1879	0	2	4	2541
1880	0	3	0	789
1881	0	3	2	1625
1882	0	3	16	846
1883	1	5	0	1920
1884	0	4	20	1248
1885	0	5	17	2052
1886	0	2	12	1658
1887	0	6	15	1835
1888	0	3	12	2147
1889	0	1	14	1440
1890	0	5	6	2497
1891	0	4	1	1288
1892	0	2	20	3209
1893	1	3	0	1647
1894	1	3	7	764
1895	0	3	14	1370
1896	0	6	13	1402
1897	1	5	2	1153
1898	0	2	12	1728
1899	1	4	6	743
1900	0	6	12	1124
1901	0	5	7	1350
1902	0	2	19	2781
1903	0	3	0	1303
1904	0	1	1	3042
1905	1	3	20	3225
1906	1	2	5	2404
1907	0	3	17	2323
1908	0	6	13	2862
1909	0	1	4	1530
1910	0	0	10	1827
1911	1	1	4	1397
1912	0	2	4	1049
1913	0	2	17	1513
1914	1	3	14	2543
1915	0	5	13	3200
1916	0	4	7	3395
1917	0	1	10	686
1918	1	4	6	2962
1919	0	0	0	3034
1920	1	3	7	1628
1921	0	6	12	156
1922	1	2	7	1231
1923	0	3	7	3372
1924	1	6	6	2215
1925	0	5	7	1730
1926	1	0	0	448
1927	0	3	7	2000
1928	0	0	10	2935
1929	1	0	10	2907
1930	0	2	15	2130
1931	0	2	2	2291
1932	0	2	7	2291
1933	0	1	19	2890
1934	0	2	17	440
1935	0	0	10	3395
1936	0	3	0	3372
1937	0	2	11	215
1938	1	2	2	54
1939	1	3	2	202
1940	0	2	12	1029
1941	0	3	17	2130
1942	0	3	5	3294
1943	0	1	4	165
1944	1	1	4	1616
1945	0	2	20	2279
1946	0	2	14	2436
1947	0	2	7	543
1948	0	0	10	3371
1949	0	1	17	2934
1950	0	2	12	1631
1951	1	1	4	2215
1952	0	3	1	767
1953	1	2	2	1828
1954	0	2	16	1011
1955	0	0	19	1171
1956	0	3	0	993
1957	1	1	4	16
1958	1	2	1	2704
1959	1	5	13	2437
1960	0	4	7	2162
1961	1	5	3	1566
1962	1	1	1	1257
1963	1	5	9	2789
1964	1	2	6	1710
1965	0	6	17	3367
1966	0	2	20	1462
1967	0	5	7	52
1968	0	2	11	2909
1969	1	2	3	52
1970	0	5	13	2666
1971	1	2	14	3373
1972	0	4	17	1902
1973	0	2	1	1123
1974	0	3	17	2944
1975	0	1	4	2462
1976	0	3	5	565
1977	0	6	6	3311
1978	0	0	10	2244
1979	0	6	17	424
1980	0	3	7	3092
1981	0	6	1	904
1982	0	0	10	1535
1983	0	2	14	2411
1984	0	1	10	130
1985	0	4	12	3231
1986	0	5	13	2532
1987	0	2	17	3376
1988	1	2	1	2494
1989	0	5	6	960
1990	0	2	7	436
1991	0	2	20	2371
1992	0	1	4	2013
1993	0	3	17	1026
1994	0	3	2	1446
1995	0	2	1	1536
1996	0	3	0	3313
1997	0	2	0	2967
1998	1	5	9	1202
1999	1	3	3	802
2000	0	1	4	849
2001	0	5	1	414
2002	1	6	13	78
2003	0	0	10	1697
2004	0	4	19	282
2005	0	1	4	2877
2006	0	3	0	2751
2007	0	5	16	2015
2008	0	2	3	2668
2009	1	3	7	728
2010	0	1	4	2762
2011	1	3	3	913
2012	0	2	4	889
2013	0	4	0	698
2014	0	1	4	649
2015	0	1	4	600
2016	1	6	2	331
2017	0	2	17	2929
2018	0	3	16	2624
2019	0	5	1	1906
2020	0	2	7	2476
2021	0	2	0	1447
2022	0	2	7	2
2023	0	1	4	1720
2024	0	0	19	634
2025	0	6	13	796
2026	0	5	16	2665
2027	1	2	9	1682
2028	0	4	6	3163
2029	1	2	12	1099
2030	0	2	4	1877
2031	0	3	20	407
2032	0	5	14	433
2033	1	4	20	152
2034	1	4	2	473
2035	1	1	0	3269
2036	1	2	14	2174
2037	0	6	14	2593
2038	1	4	1	157
2039	0	5	16	797
2040	1	2	7	1200
2041	1	2	20	1199
2042	0	0	10	604
2043	0	2	14	2540
2044	1	4	0	1103
2045	1	0	0	3147
2046	0	3	1	2749
2047	0	0	10	2095
2048	0	5	6	889
2049	1	5	0	192
2050	1	3	3	856
2051	0	3	7	3236
2052	0	0	10	2083
2053	0	4	11	2180
2054	0	2	12	1925
2055	0	5	11	3089
2056	0	2	4	218
2057	0	3	1	3150
2058	1	6	1	2095
2059	0	3	0	2864
2060	0	0	1	3367
2061	0	6	1	1922
2062	0	1	4	1235
2063	0	2	4	769
2064	0	3	1	2391
2065	0	2	6	2575
2066	1	2	6	1552
2067	0	5	16	1693
2068	1	3	12	1251
2069	0	6	15	3188
2070	1	3	6	192
2071	0	4	7	2965
2072	1	5	12	1068
2073	1	1	4	900
2074	0	1	4	414
2075	1	2	4	192
2076	0	1	4	3360
2077	0	1	0	1487
2078	0	1	4	3303
2079	0	0	10	1141
2080	0	2	11	2540
2081	0	1	17	188
2082	0	0	19	944
2083	0	1	4	86
2084	0	1	4	1366
2085	0	1	0	1387
2086	0	3	14	2556
2087	0	2	0	1624
2088	0	5	7	1639
2089	0	3	17	1960
2090	0	3	17	657
2091	1	3	20	129
2092	0	6	1	1486
2093	0	1	0	1855
2094	0	3	2	2349
2095	0	6	13	3112
2096	1	2	17	2673
2097	0	1	5	1117
2098	0	3	20	2460
2099	1	1	0	3132
2100	1	2	0	1139
2101	0	2	16	2371
2102	0	2	11	2547
2103	0	3	12	141
2104	0	4	15	507
2105	0	2	1	464
2106	1	1	20	3060
2107	0	2	1	464
2108	0	0	10	2343
2109	0	2	16	1292
2110	0	5	11	908
2111	0	6	13	1353
2112	1	4	12	1767
2113	0	2	6	2723
2114	0	1	18	260
2115	0	3	17	3173
2116	0	1	4	96
2117	0	6	13	1662
2118	0	2	14	2429
2119	0	3	4	1195
2120	0	0	0	1208
2121	0	6	13	1351
2122	0	3	12	1072
2123	1	3	0	2084
2124	0	2	0	1267
2125	0	3	3	2083
2126	0	6	14	3113
2127	0	1	4	1255
2128	1	4	1	2923
2129	0	2	5	491
2130	0	4	0	2731
2131	0	2	0	459
2132	0	6	14	3113
2133	1	0	10	2167
2134	0	1	10	1208
2135	0	5	1	2350
2136	0	3	18	676
2137	1	0	10	1398
2138	1	1	4	1280
2139	1	5	3	2782
2140	0	4	14	3208
2141	1	5	16	2032
2142	1	4	14	3208
2143	0	1	4	1549
2144	0	1	0	3358
2145	0	1	10	1712
2146	0	1	2	560
2147	1	1	0	1142
2148	1	1	0	1655
2149	0	2	0	168
2150	1	1	4	1493
2151	0	6	13	2297
2152	0	1	4	2491
2153	0	1	16	3106
2154	0	2	12	1778
2155	1	0	10	2333
2156	0	1	19	2597
2157	1	1	3	1384
2158	0	2	12	1639
2159	1	5	14	1639
2160	1	1	19	2521
2161	1	3	2	1699
2162	1	0	10	3262
2163	0	1	0	1859
2164	0	3	0	2939
2165	0	2	7	720
2166	0	0	10	2885
2167	1	2	6	1517
2168	0	0	10	2414
2169	0	0	0	1780
2170	1	5	16	133
2171	0	3	0	1714
2172	0	1	20	1142
2173	0	5	13	3072
2174	0	5	12	3244
2175	0	2	4	395
2176	0	0	19	2804
2177	1	3	20	1780
2178	0	4	14	880
2179	1	2	0	408
2180	0	2	12	3389
2181	0	2	0	932
2182	1	2	4	2656
2183	1	6	1	2576
2184	0	1	4	671
2185	0	4	17	14
2186	0	1	5	2647
2187	0	4	16	2145
2188	1	1	19	1142
2189	0	0	10	1798
2190	1	2	15	2410
2191	0	1	4	780
2192	1	2	0	3389
2193	0	0	10	1386
2194	0	2	17	1928
2195	0	0	10	1798
2196	0	2	12	1852
2197	1	2	1	3337
2198	1	3	9	405
2199	0	0	10	186
2200	0	3	1	1912
2201	0	6	20	3208
2202	1	0	10	709
2203	0	4	12	3011
2204	0	6	3	1534
2205	1	2	7	1663
2206	0	4	7	1587
2207	0	1	4	778
2208	0	2	0	2457
2209	0	3	7	1099
2210	0	4	17	1053
2211	0	4	6	6
2212	0	1	4	2984
2213	1	2	0	1240
2214	1	2	1	2575
2215	1	2	0	1984
2216	1	2	20	374
2217	0	0	10	2898
2218	0	3	17	2382
2219	0	2	6	797
2220	1	5	3	1780
2221	0	6	17	2698
2222	1	4	1	1700
2223	0	2	2	477
2224	0	2	12	635
2225	0	2	5	3021
2226	1	2	7	1940
2227	0	5	14	1912
2228	0	2	12	635
2229	0	4	0	549
2230	1	4	1	2037
2231	0	5	11	1962
2232	0	2	14	2349
2233	1	3	3	905
2234	0	6	1	961
2235	0	0	10	1609
2236	0	0	10	2990
2237	1	3	6	1753
2238	1	2	4	1549
2239	0	1	10	1798
2240	0	4	12	567
2241	0	4	5	3354
2242	0	1	4	972
2243	0	4	2	2943
2244	0	0	10	3097
2245	0	0	10	1763
2246	0	2	0	1240
2247	0	4	2	186
2248	1	3	12	603
2249	0	2	5	2012
2250	0	1	19	2517
2251	0	3	14	1785
2252	1	1	1	1485
2253	1	5	0	405
2254	0	3	5	2248
2255	1	3	6	513
2256	1	4	15	601
2257	1	1	4	51
2258	1	1	4	2960
2259	1	6	16	1193
2260	1	2	20	37
2261	0	2	5	770
2262	0	4	17	2400
2263	0	2	6	645
2264	1	4	7	166
2265	0	6	13	2019
2266	1	5	2	845
2267	1	6	13	1635
2268	1	3	1	1136
2269	1	4	0	2489
2270	0	1	1	2133
2271	0	5	14	192
2272	0	2	0	2264
2273	0	2	6	1331
2274	0	1	2	1823
2275	0	6	7	1012
2276	0	6	13	412
2277	1	4	9	3258
2278	0	5	17	219
2279	0	5	7	1757
2280	0	6	6	1745
2281	0	4	11	1595
2282	0	5	2	372
2283	0	3	18	225
2284	0	2	20	1647
2285	1	0	10	1292
2286	0	3	17	967
2287	0	6	0	2717
2288	0	0	10	38
2289	1	5	1	1597
2290	0	2	0	495
2291	0	4	1	1993
2292	0	5	15	1293
2293	1	6	3	3380
2294	0	6	13	711
2295	0	4	11	2360
2296	1	2	6	3199
2297	0	6	13	606
2298	0	3	17	1104
2299	1	1	10	1292
2300	0	6	13	839
2301	1	2	12	2566
2302	0	5	12	1595
2303	0	5	17	3159
2304	0	4	12	2882
2305	0	5	20	1595
2306	1	1	4	3202
2307	0	2	17	2737
2308	1	4	16	1714
2309	1	4	0	3346
2310	0	4	12	3380
2311	1	2	4	1965
2312	0	4	0	3257
2313	1	5	6	1714
2314	1	2	1	192
2315	0	6	7	895
2316	0	3	0	1800
2317	1	4	9	2754
2318	0	6	7	895
2319	0	3	7	1595
2320	1	5	1	2996
2321	0	2	7	3042
2322	1	6	13	815
2323	0	3	3	1700
2324	0	3	17	2177
2325	1	1	4	1885
2326	0	1	4	2778
2327	0	1	10	1974
2328	0	6	7	589
2329	1	6	15	1903
2330	0	4	7	1714
2331	0	6	1	1595
2332	0	6	14	913
2333	0	5	6	3258
2334	1	6	7	1485
2335	0	5	17	414
2336	0	3	18	1751
2337	0	3	17	2642
2338	0	4	17	2740
2339	1	6	3	606
2340	0	3	2	1595
2341	0	6	1	192
2342	0	3	3	487
2343	1	4	1	458
2344	0	2	12	2267
2345	0	3	16	1325
2346	1	0	10	815
2347	0	3	1	2400
2348	0	5	12	2717
2349	0	2	8	2776
2350	0	1	4	1015
2351	1	2	0	261
2352	0	5	13	76
2353	1	3	9	2054
2354	0	3	11	2345
2355	1	4	9	1956
2356	1	5	16	1800
2357	1	3	14	1427
2358	1	6	6	1297
2359	0	6	13	2474
2360	0	5	6	192
2361	0	6	7	839
2362	0	2	14	2436
2363	0	5	14	2309
2364	1	6	9	1952
2365	0	5	7	1956
2366	1	4	16	1716
2367	1	2	9	2642
2368	1	6	13	901
2369	0	3	14	2066
2370	0	5	1	907
2371	1	3	7	2717
2372	1	4	7	1367
2373	0	4	7	1124
2374	0	2	14	577
2375	1	5	7	676
2376	0	2	1	192
2377	0	3	0	2625
2378	0	2	3	1521
2379	0	1	18	2383
2380	0	2	4	1123
2381	1	3	9	38
2382	0	5	13	51
2383	1	2	14	1360
2384	0	3	17	3302
2385	1	4	2	913
2386	1	2	0	2066
2387	0	2	17	3125
2388	0	6	5	2717
2389	0	2	16	733
2390	1	2	6	1726
2391	0	5	18	548
2392	1	6	3	2066
2393	0	6	13	3361
2394	0	3	6	1624
2395	0	3	7	677
2396	1	1	0	607
2397	1	3	11	888
2398	0	2	0	3103
2399	0	3	17	39
2400	1	2	16	65
2401	0	2	4	292
2402	0	4	17	3185
2403	0	1	4	1138
2404	0	1	7	575
2405	0	5	8	2645
2406	1	6	12	31
2407	0	3	16	3004
2408	1	4	1	701
2409	1	3	9	1297
2410	0	6	7	1106
2411	1	3	14	219
2412	0	6	13	886
2413	1	6	7	745
2414	0	2	1	2374
2415	0	2	7	2358
2416	0	4	7	774
2417	0	4	1	3048
2418	1	0	10	1297
2419	0	2	0	2254
2420	0	5	7	611
2421	0	3	7	1198
2422	1	5	9	2718
2423	1	4	9	31
2424	0	2	17	2980
2425	1	3	14	2296
2426	0	6	0	2738
2427	1	2	14	653
2428	0	4	17	2105
2429	0	2	2	1123
2430	0	2	4	1965
2431	1	2	4	1123
2432	0	2	4	1123
2433	0	2	4	1123
2434	0	2	4	292
2435	0	2	4	1123
2436	0	2	7	1965
2437	0	2	4	3199
2438	0	3	1	1123
2439	0	4	17	815
2440	0	5	17	24
2441	1	4	6	13
2442	0	3	17	2007
2443	1	3	0	2152
2444	1	4	4	1969
2445	0	2	0	1595
2446	0	1	7	691
2447	0	2	14	2505
2448	0	3	6	1438
2449	0	6	13	733
2450	0	4	16	2578
2451	0	4	12	558
2452	0	4	7	913
2453	0	2	7	349
2454	0	1	0	1617
2455	0	3	7	414
2456	0	2	5	1714
2457	0	2	0	2745
2458	0	2	7	358
2459	0	5	7	1744
2460	1	5	1	680
2461	0	1	4	2545
2462	0	3	1	513
2463	0	2	7	1806
2464	1	1	4	2298
2465	0	5	6	2916
2466	0	2	15	1231
2467	0	0	10	564
2468	0	5	1	1590
2469	0	2	4	10
2470	0	3	18	2262
2471	0	5	13	2614
2472	0	2	18	733
2473	0	2	12	1958
2474	0	2	12	288
2475	1	2	18	2307
2476	0	5	12	991
2477	0	4	0	1969
2478	0	5	1	733
2479	1	2	1	584
2480	1	1	20	2765
2481	0	3	14	1271
2482	1	5	3	314
2483	0	6	13	1481
2484	0	4	5	1452
2485	0	3	14	1125
2486	0	1	12	1958
2487	0	4	7	2405
2488	1	4	2	1137
2489	1	3	9	721
2490	0	2	12	2890
2491	0	3	7	1493
2492	1	4	2	762
2493	0	4	2	91
2494	0	1	4	606
2495	1	1	4	933
2496	0	5	1	1438
2497	1	5	14	733
2498	0	6	18	2941
2499	0	5	0	1016
2500	0	6	1	522
2501	0	2	15	1624
2502	0	6	13	839
2503	0	3	17	2510
2504	0	2	7	2307
2505	0	2	7	1327
2506	1	2	14	3073
2507	0	2	4	3291
2508	1	3	3	1636
2509	0	2	5	1016
2510	0	2	7	519
2511	0	2	7	2467
2512	1	4	14	1016
2513	0	6	1	733
2514	0	6	14	733
2515	0	4	12	2914
2516	1	4	6	3029
2517	1	3	9	835
2518	0	2	7	2752
2519	1	4	2	1433
2520	1	6	2	2480
2521	0	3	17	2642
2522	0	1	11	2663
2523	0	2	17	839
2524	1	6	9	2865
2525	1	3	1	733
2526	0	6	13	1624
2527	0	3	15	1016
2528	0	6	0	733
2529	1	3	9	158
2530	0	1	0	1969
2531	1	4	7	606
2532	1	6	13	1772
2533	1	2	3	839
2534	1	5	6	733
2535	1	6	2	390
2536	0	6	13	2705
2537	0	3	11	2339
2538	0	6	13	1624
2539	0	3	7	427
2540	1	4	6	1969
2541	1	3	5	2642
2542	1	4	13	733
2543	1	3	0	1969
2544	0	4	1	2262
2545	0	6	13	2705
2546	1	6	13	2540
2547	1	3	0	2657
2548	1	3	6	1071
2549	0	6	13	611
2550	0	5	7	2540
2551	0	2	12	3051
2552	1	2	9	302
2553	0	2	7	302
2554	0	2	1	3106
2555	0	6	7	1991
2556	0	2	4	3124
2557	1	1	19	1506
2558	0	6	17	3035
2559	0	1	10	1132
2560	1	4	6	2815
2561	0	2	15	3092
2562	0	1	0	3049
2563	0	4	13	2641
2564	1	3	20	343
2565	0	3	5	1421
2566	0	3	17	2839
2567	0	2	0	536
2568	0	2	17	492
2569	0	4	0	2121
2570	1	6	14	1522
2571	0	3	17	2784
2572	0	3	14	2908
2573	0	4	16	3323
2574	0	5	6	45
2575	0	3	7	2210
2576	0	1	17	2828
2577	0	2	7	3065
2578	0	5	7	3291
2579	0	3	15	351
2580	1	4	1	2715
2581	0	2	11	688
2582	1	2	1	3043
2583	0	3	7	283
2584	1	6	1	1551
2585	0	4	15	570
2586	0	2	20	908
2587	0	3	7	149
2588	1	6	13	32
2589	0	2	0	434
2590	0	1	4	1627
2591	0	1	1	2580
2592	0	5	7	1100
2593	0	6	16	1814
2594	0	3	7	1803
2595	0	1	4	3335
2596	0	5	7	2701
2597	1	5	0	2634
2598	0	2	17	110
2599	0	2	12	2562
2600	0	2	14	1246
2601	0	3	16	2896
2602	0	4	12	1102
2603	0	2	17	1088
2604	0	2	0	2818
2605	0	3	7	510
2606	0	5	7	3158
2607	1	6	0	3184
2608	1	2	1	1488
2609	1	5	12	3066
2610	0	4	7	1855
2611	0	2	3	2396
2612	1	4	3	2991
2613	0	3	1	2911
2614	0	2	7	496
2615	0	2	7	209
2616	0	3	7	489
2617	1	4	15	1453
2618	1	1	4	563
2619	0	3	12	1224
2620	0	1	4	2587
2621	0	1	0	950
2622	1	3	6	2365
2623	0	6	1	385
2624	1	3	0	1744
2625	0	3	7	1538
2626	0	6	1	2504
2627	0	2	1	222
2628	1	2	2	2489
2629	0	2	11	1226
2630	1	1	5	2274
2631	1	5	1	1433
2632	0	6	0	1251
2633	1	3	9	1653
2634	0	6	1	1564
2635	0	3	0	2256
2636	0	1	12	3024
2637	1	3	20	513
2638	0	2	14	1082
2639	1	2	6	2904
2640	0	3	12	2160
2641	0	2	6	1777
2642	0	2	0	1977
2643	0	4	17	2947
2644	0	1	15	2533
2645	0	2	7	3211
2646	0	4	17	2744
2647	1	3	11	2386
2648	0	2	17	2175
2649	0	2	16	1482
2650	0	4	7	699
2651	0	6	14	973
2652	0	3	20	640
2653	0	2	7	1124
2654	1	3	9	712
2655	0	3	7	666
2656	0	6	13	2964
2657	1	0	10	2883
2658	0	2	7	972
2659	0	3	14	2161
2660	0	6	17	806
2661	0	6	13	1246
2662	0	2	17	457
2663	1	2	4	2509
2664	0	3	7	1668
2665	0	3	11	2534
2666	0	4	16	1407
2667	1	3	6	954
2668	1	2	4	2436
2669	0	4	0	253
2670	0	3	6	752
2671	1	3	12	1359
2672	0	3	7	2783
2673	0	3	7	475
2674	0	2	4	2436
2675	0	3	18	2356
2676	0	6	20	1910
2677	1	3	7	1762
2678	0	2	6	1717
2679	1	1	4	3387
2680	0	2	12	884
2681	1	2	4	3132
2682	0	1	4	470
2683	0	3	7	3174
2684	1	1	0	2902
2685	0	4	7	618
2686	0	2	0	3010
2687	0	0	10	2757
2688	0	2	17	224
2689	0	2	12	1451
2690	0	2	7	793
2691	0	1	4	1262
2692	1	1	4	2133
2693	0	6	13	2972
2694	0	1	4	1647
2695	0	3	11	2083
2696	0	2	7	793
2697	1	5	17	244
2698	1	2	2	1722
2699	1	6	13	1465
2700	0	2	7	3319
2701	0	4	1	972
2702	0	4	6	1708
2703	0	3	11	3242
2704	0	6	13	3168
2705	0	2	1	3389
2706	1	2	1	3389
2707	0	6	13	464
2708	0	2	7	3320
2709	1	2	0	1264
2710	0	3	17	1231
2711	1	2	4	3118
2712	1	1	19	1868
2713	0	2	7	532
2714	0	1	4	3021
2715	1	5	4	1236
2716	1	5	4	2001
2717	0	2	4	181
2718	1	2	4	3249
2719	0	2	12	1951
2720	0	3	0	2141
2721	0	4	14	2482
2722	0	3	7	309
2723	1	2	9	2299
2724	1	4	2	1940
2725	0	3	7	1379
2726	0	4	11	472
2727	0	2	11	2061
2728	0	3	12	84
2729	0	5	7	2182
2730	0	3	11	1135
2731	0	3	7	2921
2732	0	4	17	1397
2733	0	4	17	2690
2734	1	1	4	2806
2735	0	2	7	1123
2736	0	4	12	904
2737	0	2	3	2416
2738	1	5	2	2222
2739	1	3	7	656
2740	0	4	17	2222
2741	0	2	14	2663
2742	0	2	17	1687
2743	0	2	14	2810
2744	0	1	17	1189
2745	1	3	1	385
2746	0	5	14	738
2747	1	1	4	1431
2748	0	2	4	3233
2749	0	2	12	1488
2750	1	2	15	661
2751	1	2	16	2134
2752	0	2	15	2064
2753	1	5	20	2365
2754	0	5	12	1798
2755	0	3	7	2056
2756	0	1	4	1126
2757	0	2	2	3148
2758	0	6	8	2824
2759	0	2	7	576
2760	0	6	0	388
2761	0	3	6	1077
2762	0	5	16	1400
2763	1	1	4	1595
2764	0	2	7	1317
2765	0	5	7	1040
2766	0	4	7	2831
2767	0	2	0	2825
2768	0	2	17	2985
2769	0	2	7	223
2770	0	3	1	2452
2771	0	1	1	1354
2772	0	3	17	1488
2773	0	3	2	2168
2774	0	2	1	3328
2775	1	1	4	1565
2776	0	2	14	2659
2777	0	1	4	2713
2778	0	6	13	847
2779	0	3	7	147
2780	0	2	17	920
2781	0	3	4	760
2782	1	1	4	916
2783	0	4	17	3024
2784	0	5	20	2191
2785	0	6	13	1466
2786	0	2	4	619
2787	0	2	4	2663
2788	0	6	1	605
2789	0	1	4	1431
2790	0	2	20	3122
2791	0	6	7	3148
2792	0	1	4	1506
2793	0	3	7	1109
2794	0	2	2	1797
2795	0	5	13	74
2796	0	2	14	1102
2797	1	2	7	258
2798	0	3	20	691
2799	0	1	0	3221
2800	1	1	4	1197
2801	1	2	3	214
2802	0	3	20	1195
2803	0	2	7	2839
2804	1	3	0	111
2805	0	6	19	2066
2806	0	0	10	810
2807	1	3	11	309
2808	0	6	16	1210
2809	0	2	7	1663
2810	1	0	10	1640
2811	0	2	19	271
2812	0	2	17	216
2813	0	2	20	2503
2814	0	3	7	2422
2815	0	3	17	3351
2816	0	2	7	3374
2817	0	3	12	366
2818	0	2	12	2058
2819	0	4	14	2199
2820	1	3	0	3202
2821	0	1	20	1195
2822	0	5	7	2870
2823	0	2	4	1506
2824	0	1	4	1947
2825	1	2	20	3331
2826	0	3	12	1099
2827	0	2	17	208
2828	0	1	4	1741
2829	0	4	20	512
2830	0	3	7	3014
2831	0	2	0	1793
2832	0	2	17	1797
2833	0	2	15	765
2834	0	3	1	667
2835	0	3	20	1240
2836	0	2	12	2763
2837	0	1	0	424
2838	0	1	1	1422
2839	0	2	17	2870
2840	0	2	0	1264
2841	0	5	12	132
2842	0	3	17	1476
2843	1	2	4	322
2844	0	2	20	1743
2845	0	2	4	2798
2846	1	1	4	3286
2847	0	1	4	1304
2848	0	2	0	1832
2849	0	4	11	2291
2850	0	1	20	1698
2851	1	2	7	3291
2852	0	2	12	2352
2853	0	0	1	3223
2854	1	1	4	1500
2855	0	2	4	2498
2856	0	3	11	777
2857	0	2	0	3140
2858	1	0	10	2810
2859	0	1	1	2098
2860	0	3	17	1571
2861	0	2	15	1158
2862	0	4	7	1341
2863	1	2	2	1906
2864	1	3	3	301
2865	1	2	6	1913
2866	0	2	7	1432
2867	0	4	17	2886
2868	0	3	12	847
2869	0	5	17	531
2870	0	5	18	1836
2871	1	2	14	2833
2872	0	2	20	3331
2873	1	1	4	1640
2874	1	3	20	1797
2875	0	2	2	512
2876	0	2	17	400
2877	0	3	1	2344
2878	1	5	20	1053
2879	0	1	4	952
2880	0	1	12	1327
2881	1	2	12	730
2882	0	1	20	2649
2883	0	1	20	2836
2884	1	5	3	1888
2885	1	1	1	2050
2886	0	1	4	891
2887	0	2	3	975
2888	0	2	14	2405
2889	0	3	3	1149
2890	0	3	7	925
2891	1	1	4	1996
2892	0	2	4	1758
2893	0	2	1	847
2894	0	1	4	2864
2895	0	2	11	1034
2896	0	1	14	891
2897	0	2	5	3106
2898	0	1	4	1414
2899	0	3	14	920
2900	0	1	12	1337
2901	0	2	17	1395
2902	0	2	12	2033
2903	0	2	16	226
2904	0	2	4	364
2905	0	3	17	641
2906	0	3	19	1992
2907	1	3	5	705
2908	0	1	2	556
2909	0	2	7	1932
2910	0	0	19	834
2911	1	2	4	1428
2912	1	1	4	1595
2913	1	3	20	112
2914	0	2	4	1148
2915	0	2	7	3099
2916	0	4	2	2209
2917	0	2	0	619
2918	0	2	12	552
2919	0	1	17	2185
2920	0	2	2	1585
2921	0	5	1	2936
2922	0	2	17	1668
2923	0	3	12	2425
2924	1	1	4	2609
2925	1	2	4	584
2926	1	1	2	1461
2927	0	2	12	464
2928	0	2	2	178
2929	0	1	2	2663
2930	0	5	17	1172
2931	0	1	4	756
2932	0	2	12	625
2933	0	3	11	1036
2934	1	3	20	953
2935	0	2	0	1469
2936	1	1	4	271
2937	1	1	4	1714
2938	1	2	0	1890
2939	1	2	15	3350
2940	0	2	0	3387
2941	0	3	12	1239
2942	1	5	1	917
2943	0	3	12	1422
2944	1	1	4	1595
2945	1	3	17	1301
2946	0	3	16	2528
2947	1	2	0	3202
2948	0	1	14	2501
2949	0	2	17	1239
2950	0	1	0	3055
2951	1	3	14	1231
2952	0	2	4	45
2953	0	2	20	2888
2954	0	1	2	267
2955	0	3	14	365
2956	0	2	12	738
2957	0	1	4	1595
2958	0	2	7	1566
2959	0	3	17	1297
2960	0	1	4	1595
2961	0	5	17	2532
2962	0	3	3	1124
2963	1	1	4	1595
2964	0	2	17	1253
2965	1	3	4	1714
2966	1	2	4	1595
2967	0	2	0	2436
2968	1	1	0	1595
2969	0	2	7	2361
2970	0	1	4	1595
2971	0	2	4	1595
2972	0	2	4	1773
2973	1	1	4	711
2974	0	1	4	815
2975	0	3	11	3143
2976	0	1	20	1211
2977	1	1	4	1595
2978	0	3	20	573
2979	0	3	2	2296
2980	0	4	7	71
2981	0	4	6	3062
2982	0	2	4	1675
2983	0	1	4	140
2984	0	2	4	815
2985	0	1	4	1343
2986	0	2	4	464
2987	0	1	4	3335
2988	1	1	6	3231
2989	0	3	12	1773
2990	0	3	12	2296
2991	0	5	1	815
2992	0	1	4	727
2993	0	1	19	3224
2994	0	3	5	1625
2995	0	2	15	1343
2996	0	1	0	102
2997	1	3	16	2951
2998	1	2	1	1141
2999	0	2	7	2732
3000	0	2	4	2764
3001	0	1	4	805
3002	0	4	11	1733
3003	0	1	15	1079
3004	1	1	4	3202
3005	0	2	17	920
3006	0	1	4	3255
3007	0	3	0	3267
3008	0	1	4	160
3009	1	3	3	1487
3010	0	2	12	2649
3011	0	2	1	2870
3012	0	2	12	3054
3013	0	4	17	2735
3014	0	3	7	1693
3015	0	6	6	3020
3016	0	1	12	2649
3017	1	3	9	1285
3018	0	3	0	1971
3019	0	5	12	1773
3020	1	3	7	2037
3021	1	4	15	3024
3022	0	2	17	3288
3023	1	2	7	2553
3024	0	3	17	2628
3025	1	3	0	3181
3026	1	1	4	3255
3027	0	1	4	3233
3028	0	0	10	2508
3029	0	1	4	1354
3030	0	3	1	1714
3031	0	1	4	1276
3032	0	2	0	911
3033	0	1	4	3189
3034	1	1	1	3309
3035	1	2	7	1315
3036	0	6	13	2454
3037	1	2	2	1343
3038	1	3	2	327
3039	1	5	3	264
3040	0	2	8	1113
3041	0	2	4	1343
3042	0	6	1	2067
3043	0	1	2	925
3044	0	3	16	3069
3045	0	4	1	91
3046	0	0	4	354
3047	1	2	4	1791
3048	0	1	2	1603
3049	1	5	0	304
3050	0	3	12	847
3051	0	1	17	208
3052	0	3	12	1195
3053	1	2	3	2569
3054	0	1	4	1817
3055	1	2	3	3278
3056	0	2	18	1874
3057	1	2	12	2405
3058	0	1	12	2963
3059	0	3	0	2658
3060	1	3	1	2266
3061	0	4	2	3001
3062	0	1	4	773
3063	0	1	4	773
3064	0	3	17	3372
3065	1	1	4	1276
3066	0	1	4	121
3067	1	2	0	2429
3068	1	3	9	1762
3069	0	1	4	1889
3070	1	1	4	2092
3071	0	2	1	3155
3072	0	5	1	1469
3073	0	2	0	1733
3074	0	2	0	148
3075	1	2	11	979
3076	0	3	17	736
3077	0	1	4	1994
3078	1	3	1	472
3079	1	2	1	2823
3080	0	2	20	2823
3081	0	2	7	469
3082	1	3	6	2818
3083	1	5	0	2435
3084	0	2	16	2186
3085	0	2	4	991
3086	0	1	12	1958
3087	1	0	1	2619
3088	1	2	4	1794
3089	0	4	16	2251
3090	0	2	2	3181
3091	1	2	0	746
3092	0	3	15	2520
3093	1	4	20	1170
3094	0	3	0	1134
3095	1	2	3	1156
3096	1	4	3	2691
3097	1	2	5	3070
3098	0	2	4	1487
3099	0	2	17	287
3100	1	2	6	1581
3101	0	1	15	1728
3102	0	2	12	19
3103	0	2	20	2301
3104	0	1	17	1164
3105	0	3	12	2113
3106	0	2	0	300
3107	0	2	17	2218
3108	0	5	6	312
3109	1	2	11	888
3110	0	2	0	3088
3111	0	1	4	1504
3112	0	1	12	3051
3113	0	2	10	1143
3114	0	1	5	286
3115	0	3	17	944
3116	0	2	12	2768
3117	0	3	0	479
3118	0	2	0	2530
3119	0	4	1	2016
3120	0	1	4	1143
3121	0	2	2	2915
3122	1	2	7	2826
3123	0	2	2	1303
3124	0	2	12	2030
3125	0	2	7	1488
3126	0	2	2	2915
3127	1	2	0	2870
3128	0	1	2	2755
3129	0	2	7	787
3130	0	2	7	1383
3131	1	2	2	3085
3132	0	3	7	3190
3133	0	1	4	1031
3134	0	1	4	1428
3135	0	2	15	705
3136	1	2	4	3102
3137	0	2	11	2489
3138	0	3	17	1606
3139	0	6	13	382
3140	1	2	4	1434
3141	0	2	14	2871
3142	0	2	20	3233
3143	1	5	16	1178
3144	1	2	7	509
3145	0	1	4	3202
3146	0	2	0	723
3147	0	2	14	2428
3148	0	1	20	1212
3149	0	1	4	2214
3150	1	2	3	2791
3151	1	2	0	1637
3152	0	1	4	121
3153	1	2	4	163
3154	1	2	4	2634
3155	0	2	7	1487
3156	0	3	7	761
3157	0	2	12	184
3158	0	2	15	976
3159	1	2	15	3335
3160	0	2	17	1364
3161	0	2	7	2764
3162	0	2	1	2674
3163	0	1	15	2634
3164	0	1	12	1461
3165	0	3	7	688
3166	0	1	4	1549
3167	0	2	2	2269
3168	1	3	5	3369
3169	0	5	0	781
3170	0	2	0	2451
3171	1	5	3	740
3172	0	1	12	2764
3173	0	2	12	894
3174	1	1	14	1524
3175	0	3	16	324
3176	0	2	17	2862
3177	1	2	6	1547
3178	1	3	5	1744
3179	1	1	20	3322
3180	0	2	14	7
3181	0	2	12	3329
3182	0	2	12	214
3183	0	5	7	2093
3184	1	2	18	62
3185	0	1	7	1739
3186	0	5	1	3231
3187	0	3	12	2240
3188	0	6	13	1672
3189	0	2	16	872
3190	0	0	17	2456
3191	0	2	12	2175
3192	0	1	4	2806
3193	0	2	0	1454
3194	0	2	15	1129
3195	0	1	4	2165
3196	1	1	4	3250
3197	1	1	14	2436
3198	0	2	12	2436
3199	0	1	0	406
3200	1	2	1	2053
3201	0	4	7	3172
3202	1	1	4	464
3203	0	3	0	1555
3204	0	4	16	2027
3205	1	3	16	2027
3206	0	1	20	844
3207	0	3	7	1210
3208	0	2	14	2156
3209	0	2	0	2616
3210	1	4	0	3155
3211	0	5	16	542
3212	1	2	17	1692
3213	1	2	1	2148
3214	1	6	7	33
3215	1	5	13	2024
3216	0	3	1	1163
3217	1	3	0	2528
3218	0	6	6	2418
3219	1	1	4	1651
3220	0	3	7	1242
3221	0	2	0	2080
3222	0	3	7	2331
3223	0	2	20	324
3224	1	2	14	2170
3225	0	1	0	1226
3226	0	3	4	1304
3227	1	2	14	3211
3228	0	2	14	1449
3229	1	6	1	3317
3230	0	3	16	2528
3231	0	2	7	1487
3232	0	3	12	335
3233	0	5	2	1264
3234	1	0	0	1659
3235	0	1	4	3
3236	0	1	15	650
3237	0	3	7	1101
3238	0	3	7	1220
3239	1	2	12	1323
3240	0	1	4	1602
3241	1	5	0	1393
3242	0	5	13	1122
3243	0	2	12	2545
3244	1	1	4	1656
3245	0	1	2	2697
3246	1	3	1	2909
3247	0	3	15	361
3248	1	2	7	1544
3249	1	2	4	1129
3250	0	2	4	925
3251	0	3	17	92
3252	0	5	0	1306
3253	1	3	4	3312
3254	1	3	6	8
3255	1	2	15	1976
3256	0	2	15	1902
3257	0	2	14	2281
3258	0	4	6	1934
3259	1	1	4	2634
3260	0	2	4	461
3261	0	4	20	3244
3262	0	2	14	3066
3263	0	5	11	2751
3264	1	2	1	3323
3265	0	2	15	2250
3266	1	2	4	2634
3267	0	2	4	322
3268	0	2	12	376
3269	1	1	20	598
3270	0	1	11	598
3271	1	3	0	686
3272	0	3	0	238
3273	0	3	7	1587
3274	0	2	20	3217
3275	0	3	7	1722
3276	0	2	20	3066
3277	0	2	17	3291
3278	0	3	7	324
3279	0	4	15	184
3280	0	2	7	3157
3281	0	2	17	100
3282	0	4	3	1571
3283	0	3	16	3275
3284	0	2	6	414
3285	0	2	4	50
3286	1	3	7	2021
3287	0	6	13	1940
3288	0	2	14	920
3289	0	4	6	1703
3290	0	2	14	872
3291	1	2	7	2365
3292	1	5	6	1848
3293	0	4	14	829
3294	0	1	4	1395
3295	0	1	18	23
3296	0	1	14	872
3297	0	1	4	1049
3298	0	0	10	1214
3299	1	2	4	664
3300	0	3	5	664
3301	1	2	2	3233
3302	0	2	17	2798
3303	0	6	17	1082
3304	1	4	5	361
3305	0	6	20	3201
3306	0	4	14	2461
3307	0	5	6	2379
3308	1	1	20	1564
3309	0	2	17	2372
3310	0	4	14	1063
3311	0	2	4	212
3312	1	1	4	212
3313	0	3	20	872
3314	0	2	7	2536
3315	0	2	12	1910
3316	0	0	19	3212
3317	0	2	4	322
3318	0	6	13	1683
3319	1	6	13	377
3320	0	2	1	2626
3321	0	3	1	2198
3322	1	1	4	2500
3323	0	3	14	2842
3324	0	3	17	2938
3325	1	3	14	2090
3326	0	4	7	1519
3327	0	1	12	1581
3328	0	6	19	317
3329	0	5	18	2810
3330	1	3	1	1162
3331	1	2	7	2905
3332	0	2	7	2905
3333	0	1	16	1203
3334	0	3	0	1324
3335	0	2	0	3148
3336	0	3	17	930
3337	0	2	4	1184
3338	0	4	16	151
3339	0	2	17	1768
3340	0	4	16	1381
3341	0	2	20	725
3342	1	2	5	2266
3343	1	1	4	2212
3344	0	3	0	1964
3345	0	2	7	2537
3346	0	3	7	1242
3347	1	3	7	107
3348	0	4	16	3369
3349	1	1	4	1140
3350	1	1	0	2529
3351	1	1	5	1637
3352	0	3	0	2103
3353	0	3	17	262
3354	0	2	7	683
3355	0	2	1	2655
3356	0	3	7	3397
3357	0	2	18	575
3358	1	2	1	317
3359	0	2	20	2392
3360	1	2	0	3080
3361	0	2	4	317
3362	1	2	0	2459
3363	1	3	9	1815
3364	0	6	13	926
3365	0	5	17	211
3366	0	3	14	1527
3367	0	5	16	1488
3368	0	2	14	1372
3369	0	4	18	153
3370	0	1	4	308
3371	0	2	2	1327
3372	0	6	13	1461
3373	0	1	16	2724
3374	0	3	5	1415
3375	0	2	4	245
3376	0	3	16	2108
3377	0	2	17	1373
3378	0	1	4	1276
3379	0	3	1	848
3380	0	5	0	2529
3381	0	2	0	3105
3382	1	0	10	3145
3383	0	6	16	2816
3384	0	3	7	1321
3385	1	2	9	1894
3386	0	1	4	1143
3387	0	1	1	198
3388	1	2	1	3080
3389	0	1	0	1369
3390	1	4	20	1073
3391	0	1	4	1276
3392	0	5	6	1591
3393	0	3	12	3091
3394	0	3	7	925
3395	0	2	7	1916
3396	0	2	12	976
3397	0	2	5	1143
3398	0	1	20	2448
3399	0	2	4	599
3400	0	2	14	2538
3401	0	3	7	83
3402	0	3	20	2607
3403	0	3	5	693
3404	0	2	8	2198
3405	0	3	14	1900
3406	1	2	7	2479
3407	1	4	5	1854
3408	0	2	17	2397
3409	0	2	4	2330
3410	0	3	1	1316
3411	0	1	4	2267
3412	0	2	18	2955
3413	1	2	17	1900
3414	0	2	17	2026
3415	0	3	7	511
3416	0	2	12	226
3417	1	1	2	3087
3418	1	1	3	2596
3419	0	4	1	1448
3420	1	2	7	815
3421	0	4	7	2935
3422	0	2	5	2443
3423	0	2	7	792
3424	0	2	6	1902
3425	0	1	20	1276
3426	0	2	20	2174
3427	0	2	14	143
3428	0	4	1	1162
3429	1	2	7	764
3430	1	4	1	810
3431	1	4	6	1217
3432	0	2	12	2189
3433	0	1	12	1511
3434	0	1	4	1217
3435	0	4	1	1217
3436	0	3	0	2622
3437	1	2	0	230
3438	1	2	0	420
3439	0	1	17	1807
3440	0	6	17	2725
3441	1	2	14	1124
3442	0	1	12	3077
3443	1	3	17	403
3444	0	5	14	3116
3445	1	3	20	56
3446	0	2	7	1283
3447	0	2	12	2644
3448	1	1	3	407
3449	0	2	14	2702
3450	0	2	5	2094
3451	1	2	11	1791
3452	0	2	14	1066
3453	0	3	7	734
3454	0	1	0	3231
3455	1	2	0	3310
3456	0	2	17	3401
3457	0	2	20	428
3458	0	4	0	3216
3459	0	1	4	1328
3460	0	0	4	2755
3461	0	3	0	1490
3462	1	2	4	163
3463	0	2	15	3067
3464	1	2	14	2094
3465	0	2	14	1876
3466	0	2	14	2345
3467	0	2	14	1992
3468	0	2	20	3369
3469	0	4	17	3227
3470	0	3	17	3292
3471	0	1	4	2050
3472	0	2	6	1471
3473	1	3	16	127
3474	0	3	11	1808
3475	0	2	14	914
3476	0	5	0	591
3477	1	5	1	896
3478	0	2	7	33
3479	0	1	4	2868
3480	0	2	0	2629
3481	0	1	4	271
3482	0	5	17	954
3483	1	4	7	2966
3484	0	1	4	735
3485	0	2	0	2609
3486	1	1	0	3073
3487	0	1	4	688
3488	0	4	17	2165
3489	0	1	4	619
3490	0	2	0	1684
3491	0	2	16	2178
3492	0	3	7	1774
3493	0	2	17	53
3494	0	2	1	2099
3495	0	1	4	1698
3496	0	3	5	2861
3497	1	3	2	1124
3498	0	2	17	3119
3499	0	2	3	2064
3500	0	3	7	2817
3501	1	3	7	113
3502	1	1	7	997
3503	0	1	4	51
3504	0	1	7	2509
3505	1	2	15	1428
3506	0	1	12	997
3507	0	2	0	127
3508	0	1	4	593
3509	0	1	4	3155
3510	1	1	4	2702
3511	0	5	0	1523
3512	0	1	17	2737
3513	0	2	16	535
3514	0	1	12	2075
3515	0	3	3	2151
3516	0	1	4	161
3517	0	1	12	3117
3518	1	1	7	1692
3519	1	2	14	1692
3520	0	2	0	718
3521	0	2	0	2271
3522	0	1	0	3164
3523	0	3	7	1435
3524	1	2	0	2216
3525	1	1	4	2702
3526	0	3	2	1296
3527	0	2	0	2271
3528	0	3	5	3396
3529	1	4	1	2462
3530	0	2	0	2310
3531	1	2	11	2445
3532	1	3	14	1722
3533	0	2	2	1672
3534	0	3	17	1542
3535	0	4	18	3057
3536	0	1	4	328
3537	0	0	10	3281
3538	0	3	0	2438
3539	1	2	4	2064
3540	0	1	17	406
3541	0	2	3	1200
3542	0	2	15	2164
3543	0	2	17	2887
3544	1	2	4	616
3545	0	3	12	616
3546	0	2	20	2441
3547	0	3	16	526
3548	0	4	7	1645
3549	1	3	7	2
3550	0	2	5	2024
3551	1	6	0	3364
3552	1	3	2	89
3553	0	3	16	1870
3554	0	2	15	1933
3555	0	6	7	2727
3556	0	2	17	2122
3557	0	1	5	2501
3558	0	1	17	1996
3559	0	1	4	2062
3560	1	2	6	1745
3561	0	3	14	3352
3562	1	2	6	2548
3563	0	2	2	914
3564	0	2	11	1781
3565	0	2	18	282
3566	0	4	0	1189
3567	0	2	14	224
3568	0	2	0	2622
3569	1	1	2	3132
3570	0	3	12	1410
3571	0	1	4	2710
3572	0	3	11	692
3573	0	0	10	1217
3574	1	3	6	1707
3575	0	2	18	224
3576	0	5	7	2592
3577	1	6	0	191
3578	0	5	3	832
3579	0	1	0	1957
3580	1	1	3	1957
3581	0	1	1	63
3582	1	3	0	2513
3583	1	2	9	687
3584	0	1	0	648
3585	0	3	20	407
3586	0	3	20	407
3587	0	3	3	2228
3588	0	2	2	178
3589	1	4	0	3253
3590	1	1	15	3155
3591	0	3	6	3086
3592	1	6	2	2017
3593	1	2	9	3131
3594	0	0	0	229
3595	0	2	0	659
3596	1	3	4	516
3597	0	2	17	87
3598	0	6	1	2985
3599	0	2	16	205
3600	0	3	20	3014
3601	1	3	3	2866
3602	0	2	12	1833
3603	1	3	7	2274
3604	1	0	10	89
3605	0	1	12	407
3606	1	2	15	1582
3607	0	3	17	758
3608	1	3	9	89
3609	1	2	17	1612
3610	0	1	6	2851
3611	0	2	2	2227
3612	0	2	14	241
3613	0	2	0	1880
3614	0	2	0	974
3615	0	2	17	3273
3616	0	4	0	578
3617	0	3	7	2368
3618	0	6	17	2736
3619	0	5	16	1059
3620	0	2	7	1791
3621	0	1	4	2927
3622	0	1	1	2917
3623	0	3	11	3120
3624	0	2	12	1119
3625	0	1	10	2633
3626	0	2	17	9
3627	1	3	1	922
3628	0	2	7	1910
3629	1	5	7	3336
3630	0	1	4	1774
3631	0	1	4	1774
3632	0	5	11	117
3633	0	3	18	3133
3634	0	5	1	3296
3635	0	5	1	952
3636	0	2	0	2406
3637	0	2	6	537
3638	0	2	2	1565
3639	0	1	4	41
3640	0	3	7	658
3641	0	2	0	1633
3642	1	2	7	106
3643	0	2	17	939
3644	1	2	11	21
3645	0	3	17	1281
3646	0	3	20	199
3647	0	2	7	857
3648	0	1	4	2041
3649	1	2	0	1544
3650	0	2	0	688
3651	0	2	14	2924
3652	0	2	12	1698
3653	0	1	15	646
3654	0	2	17	3350
3655	1	2	7	2609
3656	1	4	5	870
3657	0	1	17	3191
3658	1	2	7	2417
3659	0	1	4	1086
3660	0	3	7	118
3661	0	3	12	2063
3662	0	3	16	2326
3663	1	3	9	2704
3664	1	3	1	258
3665	0	2	0	158
3666	0	4	0	1087
3667	1	0	10	2484
3668	1	4	7	3076
3669	0	2	14	1798
3670	0	4	14	2963
3671	0	2	4	2110
3672	0	3	5	2219
3673	0	2	2	2870
3674	0	2	20	2557
3675	0	3	7	3050
3676	1	3	12	2632
3677	1	2	12	1501
3678	0	2	0	1821
3679	0	2	4	2346
3680	1	2	1	1660
3681	0	2	7	1302
3682	1	5	1	2484
3683	0	2	2	2670
3684	0	2	17	1851
3685	0	2	5	3083
3686	0	2	7	2418
3687	1	5	1	627
3688	0	1	6	481
3689	0	2	0	1243
3690	0	1	0	378
3691	0	2	7	1001
3692	0	3	17	595
3693	0	2	15	1051
3694	0	2	12	2119
3695	0	2	2	766
3696	0	3	7	1205
3697	0	2	15	2500
3698	0	2	7	1552
3699	1	6	3	1866
3700	0	2	14	3070
3701	0	3	1	1148
3702	0	3	15	951
3703	0	1	12	3281
3704	1	3	0	478
3705	0	4	7	1959
3706	0	2	12	251
3707	1	1	0	1394
3708	0	6	7	1339
3709	0	2	12	807
3710	0	0	10	2878
3711	0	3	0	758
3712	0	2	17	2258
3713	1	2	7	2651
3714	0	2	17	1902
3715	0	1	5	2187
3716	0	1	12	2362
3717	0	3	17	1987
3718	0	5	17	1653
3719	0	2	1	921
3720	0	4	7	662
3721	0	2	15	3280
3722	0	2	18	2968
3723	0	2	14	1054
3724	0	3	6	3377
3725	0	1	4	2594
3726	0	2	17	934
3727	0	3	7	2499
3728	0	1	4	1253
3729	0	1	4	848
3730	0	2	1	2483
3731	0	2	17	59
3732	0	2	17	1604
3733	0	1	4	1161
3734	0	1	4	1095
3735	0	2	0	772
3736	0	3	1	1701
3737	0	2	14	1403
3738	0	4	7	754
3739	0	6	11	2418
3740	0	1	5	1585
3741	0	2	0	120
3742	0	2	0	1779
3743	1	3	7	382
3744	0	2	0	3093
3745	1	2	9	1586
3746	0	2	5	187
3747	0	4	13	2932
3748	0	1	4	1006
3749	1	2	0	2051
3750	1	1	4	1159
3751	1	3	12	2162
3752	1	1	1	3316
3753	0	2	7	992
3754	0	6	7	3037
3755	1	5	14	1898
3756	0	1	12	2249
3757	0	2	7	812
3758	1	3	5	457
3759	0	3	6	285
3760	0	5	0	831
3761	0	2	17	2896
3762	0	5	6	27
3763	0	2	2	766
3764	0	2	1	3347
3765	1	5	3	1394
3766	1	1	1	974
3767	0	2	0	1498
3768	0	2	4	3316
3769	0	2	15	2917
3770	1	3	3	266
3771	0	2	1	3283
3772	0	3	17	1297
3773	0	3	6	738
3774	0	2	0	3062
3775	0	3	12	125
3776	1	2	4	738
3777	0	1	4	2300
3778	0	2	0	64
3779	1	4	2	3390
3780	0	0	0	2827
3781	1	6	11	3401
3782	1	2	0	764
3783	0	2	7	2700
3784	1	2	1	751
3785	1	2	20	1592
3786	1	2	0	1544
3787	1	2	0	2890
3788	1	1	0	989
3789	1	2	0	2436
3790	1	2	17	3129
3791	0	5	18	2229
3792	0	2	6	2346
3793	0	1	4	2612
3794	1	1	4	2402
3795	1	1	4	213
3796	0	4	14	457
3797	0	2	7	1040
3798	0	2	7	1009
3799	0	1	0	2470
3800	0	1	1	974
3801	0	1	12	2362
3802	0	1	0	1729
3803	1	3	9	2473
3804	0	2	6	45
3805	1	3	1	3363
3806	0	1	4	1149
3807	1	3	19	2213
3808	0	2	7	2517
3809	0	3	6	2817
3810	0	5	7	3203
3811	0	2	15	2924
3812	0	3	17	1395
3813	0	3	7	290
3814	0	2	15	2110
3815	0	2	17	1347
3816	1	2	3	257
3817	0	3	3	490
3818	0	4	17	2964
3819	0	2	12	2362
3820	0	2	17	1873
3821	0	2	20	1744
3822	0	4	20	751
3823	0	6	7	2127
3824	0	2	17	339
3825	0	1	1	259
3826	0	2	1	815
3827	0	5	2	553
3828	0	2	20	2808
3829	1	2	1	2512
3830	0	1	4	1065
3831	1	1	6	2956
3832	1	2	7	2993
3833	0	2	1	2500
3834	0	1	2	229
3835	0	2	7	718
3836	1	5	8	665
3837	0	2	17	1734
3838	1	2	14	2960
3839	0	5	14	1110
3840	1	2	0	3227
3841	0	4	18	3234
3842	1	3	16	1140
3843	1	0	10	2079
3844	0	1	4	585
3845	0	2	12	3280
3846	0	3	0	1783
3847	0	2	7	3379
3848	0	2	15	1417
3849	0	3	0	1225
3850	0	1	3	1541
3851	0	2	12	3211
3852	0	5	16	2037
3853	0	2	14	1148
3854	0	2	14	1105
3855	0	2	17	504
3856	1	3	20	134
3857	0	1	14	1411
3858	1	4	9	2359
3859	0	2	0	795
3860	0	4	17	1429
3861	0	1	4	2802
3862	0	2	17	1488
3863	0	2	0	2124
3864	0	5	20	1649
3865	1	0	10	1422
3866	0	4	14	3219
3867	0	3	3	2533
3868	0	1	12	2850
3869	0	1	17	3138
3870	0	2	17	370
3871	0	1	4	2983
3872	0	2	1	2853
3873	1	4	2	2124
3874	0	2	7	3328
3875	0	2	0	3245
3876	0	2	0	1525
3877	0	4	1	1546
3878	0	3	16	3009
3879	0	2	3	2423
3880	0	2	7	409
3881	0	1	2	1826
3882	0	6	14	1739
3883	0	5	16	375
3884	0	1	4	2649
3885	0	2	12	2819
3886	0	3	7	1625
3887	0	1	4	3061
3888	0	4	17	3038
3889	0	4	6	794
3890	0	1	4	3309
3891	1	6	16	212
3892	0	2	20	1061
3893	0	2	6	580
3894	0	3	16	2267
3895	1	3	0	2822
3896	0	3	0	1257
3897	0	6	17	2780
3898	0	4	11	1450
3899	0	2	17	743
3900	1	2	14	2574
3901	0	1	14	840
3902	0	2	5	1430
3903	0	2	0	3108
3904	0	0	10	88
3905	0	2	17	2620
3906	0	5	17	1404
3907	1	1	14	2651
3908	0	2	0	3070
3909	0	1	17	516
3910	0	2	20	1061
3911	0	1	0	1354
3912	0	2	4	516
3913	0	1	17	1274
3914	0	3	4	2338
3915	1	3	3	1312
3916	0	2	4	1916
3917	1	3	9	1639
3918	0	2	18	771
3919	0	4	0	93
3920	0	3	17	3375
3921	0	2	14	2992
3922	0	1	4	2402
3923	0	3	2	1402
3924	0	5	12	1555
3925	0	2	12	644
3926	0	2	2	577
3927	1	2	16	1357
3928	0	2	0	3400
3929	0	2	5	189
3930	0	6	3	2579
3931	0	2	5	367
3932	0	2	7	2432
3933	1	3	6	1528
3934	0	2	0	2844
3935	0	3	18	987
3936	1	3	12	1266
3937	0	6	2	397
3938	0	2	2	2959
3939	0	4	7	213
3940	0	3	20	2426
3941	0	4	17	2841
3942	0	1	4	2336
3943	1	3	7	3171
3944	1	3	16	2412
3945	1	4	1	1295
3946	1	2	12	1503
3947	0	2	0	2290
3948	1	4	12	2044
3949	0	4	0	119
3950	0	2	4	3213
3951	1	1	4	2487
3952	1	4	1	3056
3953	0	2	12	1650
3954	0	1	4	294
3955	0	3	0	342
3956	0	2	0	202
3957	0	3	11	2472
3958	0	4	7	808
3959	1	4	1	626
3960	1	3	14	3398
3961	0	2	1	379
3962	1	6	0	2307
3963	0	5	20	1134
3964	0	6	16	2238
3965	0	1	11	2453
3966	0	2	0	790
3967	1	1	2	1369
3968	0	2	2	2101
3969	0	6	7	705
3970	1	2	2	2101
3971	1	1	4	2165
3972	1	2	6	383
3973	0	2	7	2663
3974	0	3	0	1621
3975	1	2	5	3152
3976	1	2	0	1922
3977	0	3	14	2769
3978	0	3	13	1412
3979	1	5	9	2884
3980	0	2	4	2363
3981	1	4	0	1594
3982	0	6	13	2364
3983	0	2	0	2670
3984	0	2	7	95
3985	0	4	16	1345
3986	0	2	7	3076
3987	1	1	4	2679
3988	1	2	14	3354
3989	0	5	12	1134
3990	0	2	16	73
3991	0	2	7	3386
3992	0	2	4	2153
3993	0	2	0	2525
3994	0	5	7	1114
3995	0	3	17	2085
3996	0	1	14	2582
3997	0	3	17	2105
3998	0	4	0	1160
3999	0	3	17	1562
4000	0	3	7	443
4001	1	2	1	1355
4002	0	4	16	586
4003	0	6	13	3237
4004	0	5	0	2581
4005	0	3	7	2420
4006	0	0	7	1179
4007	0	3	12	1053
4008	0	1	1	1634
4009	0	1	7	2318
4010	0	2	14	1987
4011	0	2	17	2041
4012	0	1	4	2374
4013	0	2	1	1776
4014	0	2	0	554
4015	1	4	3	1677
4016	0	5	0	3104
4017	0	2	14	3279
4018	1	4	20	892
4019	0	3	17	326
4020	0	2	6	1822
4021	0	5	20	2801
4022	0	3	14	1629
4023	1	3	9	1004
4024	0	2	5	2476
4025	1	6	6	391
4026	0	2	7	488
4027	1	2	7	2076
4028	0	2	4	2737
4029	1	6	3	2314
4030	0	3	7	382
4031	0	2	0	3081
4032	0	2	12	218
4033	0	2	6	1724
4034	0	2	0	747
4035	0	1	4	3356
4036	0	2	1	1259
4037	0	5	16	1908
4038	0	5	6	2785
4039	0	2	16	327
4040	0	2	20	135
4041	0	1	3	2722
4042	0	3	15	2690
4043	1	2	15	2690
4044	1	3	3	2939
4045	0	6	13	2524
4046	0	4	17	1608
4047	0	1	4	2670
4048	1	3	1	3193
4049	0	4	11	914
4050	0	3	6	2349
4051	0	1	14	458
4052	0	2	2	1724
4053	0	2	18	2154
4054	0	3	3	40
4055	0	5	0	1418
4056	0	0	10	2549
4057	0	3	6	311
4058	0	2	6	996
4059	0	2	14	3342
4060	0	2	18	3226
4061	0	5	6	622
4062	0	2	7	1020
4063	1	3	1	818
4064	0	4	0	624
4065	1	4	5	3307
4066	0	2	0	866
4067	0	4	20	3210
4068	0	6	3	1989
4069	0	3	15	1518
4070	0	2	15	1616
4071	0	2	17	1207
4072	0	5	6	3371
4073	0	2	6	1
4074	0	3	6	968
4075	0	2	16	68
4076	0	2	17	1672
4077	1	3	2	777
4078	0	2	15	2074
4079	0	3	17	3312
4080	0	3	1	1496
4081	0	1	12	1322
4082	0	2	20	2212
4083	0	6	14	2528
4084	0	6	13	2958
4085	1	2	6	2086
4086	1	0	10	3066
4087	0	0	4	2687
4088	0	2	3	1973
4089	0	2	7	2086
4090	0	6	6	652
4091	0	2	17	2823
4092	1	2	0	480
4093	0	2	4	825
4094	0	2	17	1736
4095	0	2	0	512
4096	0	2	15	820
4097	0	2	7	2287
4098	0	3	7	1509
4099	0	3	17	2570
4100	0	6	6	1219
4101	0	1	4	2450
4102	0	0	10	1376
4103	0	1	16	246
4104	0	1	16	34
4105	0	5	7	566
4106	0	2	16	1260
4107	1	2	0	2739
4108	0	3	17	1443
4109	0	3	3	2424
4110	1	4	7	1919
4111	0	2	15	2373
4112	0	4	18	124
4113	0	3	17	2233
4114	0	3	14	3343
4115	0	2	15	1907
4116	0	3	7	183
4117	0	1	4	1724
4118	0	2	3	1847
4119	0	5	1	2022
4120	0	2	16	1914
4121	0	4	7	443
4122	0	1	19	2608
4123	1	2	4	2575
4124	0	2	18	1330
4125	0	3	2	1173
4126	0	2	17	2249
4127	0	5	17	756
4128	0	3	6	635
4129	0	6	11	1044
4130	0	3	6	2633
4131	0	4	7	1985
4132	0	2	17	2742
4133	0	4	4	3229
4134	1	4	12	3010
4135	0	0	10	1769
4136	0	5	16	3213
4137	0	2	7	2789
4138	0	2	7	1581
4139	0	6	14	1274
4140	0	2	0	2812
4141	0	3	17	440
4142	0	6	7	2778
4143	1	2	5	3133
4144	0	1	4	82
4145	1	5	1	970
4146	0	3	17	1289
4147	1	5	7	1075
4148	1	3	7	561
4149	0	3	1	2034
4150	0	2	0	522
4151	0	4	20	888
4152	0	2	14	2790
4153	0	5	17	1448
4154	0	2	1	3001
4155	0	5	17	204
4156	0	6	20	2971
4157	0	5	18	3033
4158	1	0	10	212
4159	1	5	9	679
4160	0	3	20	1304
4161	0	4	0	602
4162	1	2	14	2739
4163	0	6	7	3346
4164	0	3	1	2137
4165	1	2	14	2291
4166	1	2	7	172
4167	0	2	20	2107
4168	1	4	6	2775
4169	0	5	0	2751
4170	0	4	7	3117
4171	0	6	16	100
4172	0	3	7	1834
4173	1	1	11	3230
4174	1	3	3	248
4175	0	3	0	1762
4176	0	4	7	1361
4177	0	3	17	3075
4178	1	5	16	108
4179	1	3	20	315
4180	0	6	13	1830
4181	1	2	7	2096
4182	0	2	18	1802
4183	0	2	1	725
4184	0	5	7	2246
4185	0	2	14	237
4186	0	2	7	1027
4187	1	6	20	2952
4188	0	5	7	2518
4189	0	3	14	957
4190	0	4	17	1641
4191	1	4	15	87
4192	0	3	17	1364
4193	0	6	13	3298
4194	0	1	4	303
4195	1	6	13	370
4196	0	3	14	1145
4197	1	4	1	2138
4198	0	1	4	1623
4199	1	2	9	539
4200	0	4	7	2413
4201	1	2	0	1495
4202	0	2	7	2650
4203	0	2	18	1021
4204	0	3	7	569
4205	1	2	15	3
4206	1	3	1	1382
4207	0	3	1	1502
4208	1	3	0	3381
4209	0	6	0	1311
4210	0	2	17	858
4211	0	4	5	2591
4212	0	6	18	3391
4213	0	3	7	1545
4214	1	2	0	1042
4215	0	2	7	2064
4216	0	2	17	2669
4217	0	1	4	2138
4218	0	5	17	2450
4219	0	3	17	1360
4220	0	3	0	2011
4221	0	3	4	1189
4222	1	4	17	910
4223	1	3	17	1798
4224	1	4	1	660
4225	1	2	3	414
4226	1	3	6	571
4227	0	2	19	879
4228	0	5	18	1931
4229	0	3	17	653
4230	0	6	13	2302
4231	1	5	18	1931
4232	1	3	20	1294
4233	0	3	4	1772
4234	1	4	3	3380
4235	0	5	2	2703
4236	1	2	3	724
4237	0	2	14	2275
4238	0	3	16	2282
4239	0	5	7	1668
4240	0	3	17	811
4241	0	3	7	759
4242	0	5	7	2274
4243	0	6	7	197
4244	0	3	17	337
4245	0	5	12	1567
4246	1	3	7	836
4247	0	2	4	2635
4248	0	2	4	2889
4249	1	1	17	1970
4250	1	5	0	1470
4251	0	4	7	1657
4252	1	3	3	1786
4253	0	4	11	982
4254	0	2	17	890
4255	0	5	12	2006
4256	1	0	2	1638
4257	0	5	16	3248
4258	0	2	17	2974
4259	0	3	17	2284
4260	0	2	16	439
4261	1	3	6	206
4262	1	3	6	2126
4263	0	2	7	2125
4264	0	4	1	1368
4265	0	2	12	2731
4266	0	6	13	970
4267	0	3	7	995
4268	1	4	20	1815
4269	0	3	18	2410
4270	0	4	7	2078
4271	0	3	7	1856
4272	0	4	17	1624
4273	0	4	13	1134
4274	1	4	1	2820
4275	1	4	16	2507
4276	1	4	0	559
4277	0	3	16	3051
4278	1	4	7	638
4279	0	2	16	813
4280	0	3	17	2131
4281	0	6	13	2911
4282	0	3	0	359
4283	1	2	9	2807
4284	0	5	7	1329
4285	0	3	0	994
4286	0	3	17	1860
4287	0	2	7	3353
4288	1	2	9	493
4289	0	3	14	2519
4290	0	2	17	983
4291	0	3	14	821
4292	0	2	0	1622
4293	1	4	9	3066
4294	0	0	10	2072
4295	0	1	18	1456
4296	0	6	6	3370
4297	0	4	15	3066
4298	1	1	14	885
4299	1	2	2	2813
4300	1	1	4	821
4301	0	3	11	851
4302	0	5	1	1748
4303	0	2	2	2140
4304	0	1	0	2399
4305	1	4	17	2280
4306	0	4	7	1895
4307	0	2	0	271
4308	0	2	0	3101
4309	0	2	0	2845
4310	0	2	4	2792
4311	0	5	13	2767
4312	0	2	18	2009
4313	1	2	7	1878
4314	0	2	17	3100
4315	0	1	4	119
4316	0	2	6	699
4317	1	3	14	2414
4318	0	2	5	2367
4319	0	3	7	1844
4320	0	2	5	1725
4321	0	4	7	1911
4322	1	5	6	1677
4323	0	1	4	1669
4324	0	2	5	2517
4325	0	2	0	318
4326	1	4	13	2698
4327	0	3	17	1955
4328	0	5	3	1771
4329	1	2	14	2662
4330	1	4	6	3233
4331	0	3	6	2476
4332	1	2	3	2069
4333	0	5	2	355
4334	0	2	1	1630
4335	0	3	0	2109
4336	1	2	0	3259
4337	0	1	20	1147
4338	1	1	5	1030
4339	0	2	2	413
4340	1	2	17	571
4341	0	3	17	1939
4342	0	2	0	2285
4343	0	2	12	717
4344	0	2	1	1590
4345	1	2	14	1632
4346	0	1	17	741
4347	1	1	20	441
4348	0	4	0	771
4349	0	1	2	8
4350	0	1	2	1052
4351	0	2	12	1071
4352	0	1	4	935
4353	0	2	7	1692
4354	0	3	14	44
4355	0	5	14	1813
4356	0	3	16	362
4357	1	3	9	1967
4358	0	3	17	1477
4359	0	1	4	2106
4360	1	2	9	1975
4361	0	3	15	1967
4362	0	2	17	1850
4363	0	3	14	1249
4364	0	2	18	1975
4365	1	5	16	1176
4366	0	1	15	2509
4367	0	3	0	1378
4368	0	1	17	309
4369	0	5	7	2607
4370	0	2	16	3310
4371	1	1	4	269
4372	0	3	17	2773
4373	0	5	12	2957
4374	0	1	4	888
4375	1	2	5	3259
4376	1	2	5	104
4377	0	2	0	427
4378	0	1	17	2066
4379	0	2	4	3198
4380	1	2	1	1444
4381	0	2	4	1258
4382	0	2	18	2133
4383	1	1	4	1984
4384	0	2	0	410
4385	0	2	4	1984
4386	0	2	5	3178
4387	1	1	4	269
4388	0	4	3	1233
4389	0	2	4	863
4390	0	2	0	1587
4391	1	1	4	673
4392	0	1	4	673
4393	0	1	4	673
4394	0	2	4	673
4395	0	5	6	673
4396	0	1	1	2848
4397	0	1	4	673
4398	1	1	4	2694
4399	1	1	4	1795
4400	1	1	4	673
4401	0	1	4	1304
4402	1	1	14	2953
4403	0	2	15	3209
4404	0	2	1	406
4405	0	2	14	2924
4406	0	2	16	2021
4407	0	1	4	3387
4408	1	4	2	694
4409	0	2	14	1007
4410	0	1	19	690
4411	0	1	4	3231
4412	0	1	4	364
4413	0	0	13	1338
4414	0	2	4	2438
4415	0	1	0	2509
4416	0	1	4	1916
4417	0	2	15	743
4418	1	5	0	2267
4419	1	4	12	359
4420	0	2	15	3212
4421	0	4	0	1647
4422	0	2	5	947
4423	0	1	4	1843
4424	0	2	7	1124
4425	0	3	7	2847
4426	0	4	17	1592
4427	0	1	0	609
4428	0	2	14	2385
4429	0	2	5	885
4430	1	2	0	160
4431	0	0	14	2412
4432	0	2	12	2571
4433	0	2	0	1114
4434	1	3	7	619
4435	0	2	7	154
4436	0	2	12	1409
4437	1	3	5	124
4438	0	5	0	1838
4439	0	3	6	1497
4440	0	3	1	466
4441	0	1	4	1958
4442	0	5	15	1231
4443	0	6	2	729
4444	1	2	12	1482
4445	0	2	3	948
4446	0	1	18	399
4447	0	4	5	3074
4448	0	2	14	1821
4449	0	2	12	620
4450	0	2	15	688
4451	0	2	14	2836
4452	1	2	7	2060
4453	0	3	0	1882
4454	0	2	20	1096
4455	0	3	7	1451
4456	1	3	2	956
4457	0	3	14	20
4458	1	2	4	1564
4459	0	2	1	1460
4460	0	2	14	2488
4461	0	2	20	114
4462	1	2	0	1626
4463	0	5	7	1475
4464	1	5	1	1483
4465	0	1	4	2429
4466	0	3	11	3336
4467	1	5	6	2994
4468	1	3	7	695
4469	1	4	12	1354
4470	0	3	12	3094
4471	0	2	6	526
4472	1	4	16	247
4473	0	3	1	2609
4474	0	3	7	2568
4475	0	1	4	3139
4476	0	4	1	2584
4477	0	2	7	2733
4478	0	0	12	3202
4479	0	5	13	2766
4480	0	2	0	160
4481	0	2	18	514
4482	1	3	1	1627
4483	1	2	6	1121
4484	1	2	17	2617
4485	0	2	4	2301
4486	0	3	8	387
4487	0	2	7	528
4488	0	3	7	1121
4489	0	1	4	2854
4490	0	3	5	1577
4491	0	1	4	2513
4492	0	6	13	3306
4493	1	0	10	1488
4494	0	4	0	784
4495	0	1	4	2648
4496	0	4	2	2969
4497	0	5	0	859
4498	0	5	7	590
4499	0	2	6	2688
4500	0	5	7	590
4501	0	2	17	3225
4502	0	5	0	2897
4503	0	6	1	2603
4504	1	2	0	525
4505	0	5	7	2859
4506	0	5	16	319
4507	0	1	4	30
4508	0	2	20	1564
4509	0	2	7	2211
4510	0	4	7	2981
4511	0	3	7	1929
4512	0	2	1	2750
4513	0	6	0	3005
4514	0	1	3	2686
4515	0	6	13	1864
4516	0	1	4	1390
4517	1	1	1	2460
4518	0	2	0	1802
4519	0	5	7	851
4520	0	2	4	2857
4521	0	3	12	220
4522	0	4	1	716
4523	0	1	2	2039
4524	0	2	2	1511
4525	0	2	14	3070
4526	0	2	20	2755
4527	0	1	0	3220
4528	0	2	14	1620
4529	0	3	6	3266
4530	1	3	1	3328
4531	0	1	4	265
4532	0	2	7	1488
4533	0	2	12	3048
4534	0	1	4	732
4535	0	1	19	1290
4536	0	1	12	2572
4537	1	4	1	2897
4538	0	2	12	232
4539	0	3	19	1144
4540	1	2	14	1572
4541	0	0	10	2070
4542	0	3	0	233
4543	0	2	2	1927
4544	0	6	1	959
4545	0	2	16	239
4546	0	2	7	3137
4547	0	1	12	3155
4548	0	1	2	1940
4549	1	0	10	360
4550	0	1	16	253
4551	0	1	12	1240
4552	0	2	0	2322
4553	1	3	16	612
4554	1	2	9	2142
4555	1	1	9	3348
4556	0	4	16	3183
4557	0	2	14	1916
4558	0	3	14	497
4559	0	2	7	2849
4560	0	2	0	1128
4561	1	2	9	3256
4562	0	3	10	920
4563	1	2	6	1123
4564	0	3	12	746
4565	0	3	14	3071
4566	0	3	17	2409
4567	0	1	4	1958
4568	1	2	4	177
4569	0	2	0	329
4570	0	4	17	3332
4571	0	3	7	1008
4572	1	0	10	94
4573	0	5	16	1811
4574	0	2	4	2663
4575	1	0	10	47
4576	1	2	7	612
4577	0	3	7	2142
4578	0	2	0	1916
4579	1	1	4	1221
4580	1	6	13	1278
4581	0	2	1	404
4582	1	2	0	2764
4583	0	5	1	1064
4584	1	4	0	75
4585	0	3	7	1010
4586	0	2	4	458
4587	0	3	14	3030
4588	1	2	4	2830
4589	0	2	17	2267
4590	1	1	20	1149
4591	0	2	15	3387
4592	0	1	4	1996
4593	1	4	1	1994
4594	0	3	16	217
4595	0	2	18	77
4596	1	1	4	2052
4597	1	2	4	1503
4598	1	3	3	612
4599	1	3	0	692
4600	0	2	0	3161
4601	0	3	14	1377
4602	0	3	7	3070
4603	1	3	2	2630
4604	0	2	15	1365
4605	0	2	15	2218
4606	1	0	10	703
4607	0	2	0	3002
4608	1	2	0	3254
4609	1	2	4	296
4610	1	2	4	296
4611	1	1	4	322
4612	1	1	4	2497
4613	0	2	12	1819
4614	1	4	1	3140
4615	0	2	17	2995
4616	0	2	20	1508
4617	1	2	6	336
4618	0	2	14	2424
4619	1	2	1	2011
4620	1	1	17	1079
4621	0	2	4	1498
4622	0	2	12	336
4623	0	2	16	1503
4624	0	2	12	3146
4625	0	2	7	2712
4626	0	2	14	2200
4627	0	6	1	1512
4628	1	6	6	2888
4629	1	1	4	1269
4630	1	2	4	233
4631	0	1	4	708
4632	0	2	0	1022
4633	0	0	0	3110
4634	0	5	20	112
4635	0	1	4	2890
4636	0	1	2	55
4637	1	3	9	3110
4638	0	2	4	1277
4639	0	3	11	707
4640	0	2	4	1277
4641	0	2	7	3203
4642	0	2	0	2282
4643	0	2	0	2307
4644	0	5	1	1670
4645	1	5	6	782
4646	1	2	6	3395
4647	0	3	20	826
4648	0	1	4	585
4649	0	6	13	1488
4650	0	2	7	1690
4651	1	4	0	1195
4652	1	2	7	1544
4653	0	3	12	2543
4654	0	3	20	1588
4655	1	2	1	1354
4656	0	2	17	543
4657	0	4	14	2711
4658	0	2	4	2825
4659	1	2	14	1362
4660	1	1	4	1297
4661	0	4	15	1285
4662	1	1	4	2585
4663	0	2	4	1354
4664	1	4	7	2064
4665	0	3	2	390
4666	0	3	1	2250
4667	0	2	14	1791
4668	0	3	14	201
4669	0	3	7	434
4670	0	3	5	66
4671	0	2	12	258
4672	0	6	13	2345
4673	0	3	16	1754
4674	1	3	7	4
4675	1	1	4	1940
4676	0	4	14	450
4677	0	5	6	804
4678	0	3	2	872
4679	0	6	13	2376
4680	0	3	0	971
4681	1	3	15	2758
4682	0	2	7	2849
4683	0	2	0	1652
4684	1	2	0	971
4685	0	3	1	42
4686	0	1	1	1972
4687	0	3	14	310
4688	0	2	9	2829
4689	0	1	12	2509
4690	1	0	10	26
4691	1	4	17	2949
4692	1	2	7	991
4693	0	1	1	1785
4694	0	6	7	123
4695	0	1	18	2954
4696	0	1	12	1304
4697	0	1	10	26
4698	1	2	6	1277
4699	1	1	0	1946
4700	1	1	4	2632
4701	0	4	17	3064
4702	0	2	11	1032
4703	0	2	7	534
4704	0	1	20	2225
4705	1	1	0	852
4706	0	2	14	2767
4707	0	0	0	2270
4708	0	2	0	3354
4709	0	4	0	1050
4710	1	3	16	1998
4711	0	2	17	476
4712	0	3	17	2118
4713	0	2	17	2002
4714	0	5	1	1327
4715	0	2	2	1688
4716	1	2	16	5
4717	0	4	17	809
4718	0	3	7	2224
4719	1	3	9	1463
4720	0	2	2	768
4721	0	3	11	2866
4722	0	3	12	2045
4723	0	3	7	467
4724	1	6	6	2901
4725	0	3	5	1789
4726	1	3	16	893
4727	1	6	0	1618
4728	0	2	19	1823
4729	0	5	16	2477
4730	0	5	11	2295
4731	0	2	17	1239
4732	0	2	14	1998
4733	0	1	18	371
4734	0	5	1	3317
4735	0	4	3	3399
4736	0	1	20	1061
4737	0	3	16	3238
4738	0	6	1	2502
4739	0	2	3	1749
4740	1	2	3	647
4741	0	3	7	1933
4742	0	2	3	3225
4743	0	6	13	2068
4744	0	5	15	2375
4745	1	1	4	243
4746	0	5	1	3349
4747	0	1	4	346
4748	0	4	16	2037
4749	0	4	0	706
4750	1	2	0	2907
4751	0	5	15	1871
4752	1	1	4	2609
4753	0	6	1	1665
4754	1	1	0	2907
4755	1	6	7	2734
4756	0	6	16	3330
4757	0	3	17	148
4758	1	6	13	984
4759	1	5	0	985
4760	0	3	17	254
4761	0	1	15	3204
4762	1	2	14	2436
4763	0	6	11	985
4764	0	0	10	47
4765	1	3	16	982
4766	0	3	16	324
4767	1	3	9	396
4768	0	2	4	777
4769	0	2	1	341
4770	1	3	7	2755
4771	1	2	4	2421
4772	0	6	17	1611
4773	0	4	1	2304
4774	0	4	14	2390
4775	0	2	17	706
4776	1	2	3	1055
4777	0	2	2	2613
4778	0	2	0	1055
4779	0	4	3	803
4780	0	2	12	2291
4781	1	5	6	1583
4782	0	4	1	2551
4783	0	2	0	1639
4784	1	3	6	815
4785	1	2	14	1149
4786	0	4	6	817
4787	0	0	11	233
4788	0	3	7	3044
4789	0	3	2	1149
4790	1	2	2	920
4791	0	1	4	1585
4792	1	5	7	1046
4793	1	2	6	711
4794	1	3	0	2613
4795	0	4	16	449
4796	0	3	7	2924
4797	1	3	17	1775
4798	0	2	1	1756
4799	1	1	4	1883
4800	0	1	4	2984
4801	0	2	4	1642
4802	0	6	1	1329
4803	1	2	16	3255
4804	1	3	1	1922
4805	0	3	1	3255
4806	0	2	17	1334
4807	0	0	2	2421
4808	0	3	0	1789
4809	1	5	4	909
4810	0	1	12	1721
4811	0	3	1	1348
4812	0	1	14	572
4813	1	3	9	2242
4814	0	1	14	1721
4815	1	5	18	515
4816	1	4	6	927
4817	0	2	1	3344
4818	1	2	17	2475
4819	0	3	18	73
4820	0	5	11	1094
4821	0	1	19	699
4822	1	3	0	913
4823	0	1	4	1272
4824	0	2	7	877
4825	0	2	17	764
4826	0	4	12	2401
4827	0	3	0	2383
4828	1	1	20	2158
4829	0	2	0	2278
4830	0	0	10	894
4831	1	2	1	1094
4832	0	2	14	423
4833	0	3	16	1084
4834	1	4	9	2317
4835	0	2	20	1194
4836	1	4	16	418
4837	0	2	5	2449
4838	0	4	1	2371
4839	1	5	6	440
4840	1	4	6	3265
4841	0	2	12	2291
4842	1	3	1	2265
4843	0	6	1	1765
4844	0	4	7	2202
4845	1	2	1	357
4846	1	2	2	3209
4847	0	2	12	2644
4848	1	3	6	581
4849	1	1	4	1826
4850	1	4	3	79
4851	0	1	17	1201
4852	0	3	0	455
4853	0	2	7	625
4854	1	5	13	672
4855	0	2	12	177
4856	0	2	7	2436
4857	0	2	14	2393
4858	0	2	1	1583
4859	1	1	14	2328
4860	0	2	2	407
4861	0	2	4	1731
4862	0	2	0	1658
4863	1	2	9	3256
4864	0	1	20	998
4865	1	3	14	2190
4866	0	6	12	1413
4867	0	2	16	2421
4868	0	3	17	749
4869	1	4	6	1167
4870	1	3	3	2334
4871	0	1	12	2783
4872	0	4	1	1265
4873	0	6	11	169
4874	1	2	4	103
4875	0	3	0	2435
4876	1	3	17	2201
4877	0	2	4	2890
4878	0	5	4	1473
4879	0	2	3	1785
4880	1	4	9	2743
4881	0	4	16	2503
4882	0	4	11	982
4883	1	0	10	3189
4884	0	3	14	1779
4885	0	6	1	2671
4886	1	3	17	2071
4887	0	1	2	2948
4888	1	6	0	3159
4889	0	1	4	1575
4890	1	2	1	144
4891	0	3	17	1547
4892	0	2	12	1327
4893	0	2	17	2922
4894	0	3	7	2546
4895	1	2	3	2262
4896	0	3	6	1579
4897	0	3	16	2852
4898	0	2	1	3389
4899	0	2	12	122
4900	0	2	20	1891
4901	0	2	7	242
4902	0	3	14	3153
4903	0	3	12	636
4904	0	5	15	2573
4905	1	4	1	1234
4906	0	5	17	424
4907	1	5	7	2035
4908	0	3	15	840
4909	1	3	12	3331
4910	0	1	12	2514
4911	1	2	0	1992
4912	1	5	20	2307
4913	1	2	1	2468
4914	1	2	1	1414
4915	0	2	12	1581
4916	0	1	20	2811
4917	0	4	0	36
4918	1	1	12	899
4919	0	1	0	272
4920	0	3	1	3254
4921	1	2	15	616
4922	0	1	17	2777
4923	0	4	18	1291
4924	1	3	0	2879
4925	1	3	6	506
4926	0	0	10	2230
4927	0	4	0	2931
4928	1	2	3	3328
4929	0	4	1	1953
4930	0	5	17	3032
4931	0	5	17	1334
4932	0	2	7	1256
4933	0	2	15	1494
4934	1	2	0	1305
4935	0	3	17	2894
4936	1	1	4	1333
4937	0	3	0	1935
4938	1	1	4	2503
4939	0	2	7	1953
4940	1	5	11	2498
4941	0	6	20	2899
4942	0	4	12	718
4943	1	5	0	506
4944	0	5	17	350
4945	0	5	0	1929
4946	1	3	1	2077
4947	0	3	17	768
4948	0	4	2	3129
4949	0	1	4	1149
4950	0	2	16	1992
4951	1	3	17	703
4952	1	2	14	2460
4953	0	3	12	2035
4954	0	4	0	2259
4955	0	6	13	278
4956	0	3	15	1018
4957	0	2	2	414
4958	0	1	7	1602
4959	0	2	17	584
4960	0	6	1	1585
4961	0	2	7	3045
4962	0	2	6	2139
4963	0	4	17	2698
4964	0	3	0	2436
4965	0	0	10	482
4966	0	5	14	641
4967	0	1	4	3201
4968	1	5	20	448
4969	0	1	19	708
4970	1	2	12	2496
4971	0	3	7	1658
4972	0	3	0	1686
4973	1	6	2	2040
4974	0	3	20	2644
4975	0	3	0	1039
4976	0	2	11	525
4977	0	2	4	616
4978	0	3	14	2346
4979	0	3	2	2381
4980	0	2	1	1602
4981	0	5	1	2503
4982	0	2	12	2803
4983	1	4	16	1585
4984	0	3	0	1327
4985	0	3	0	3230
4986	0	1	12	506
4987	1	6	8	2985
4988	0	2	17	2721
4989	0	2	0	2057
4990	1	2	4	641
4991	1	6	14	555
4992	1	2	2	2058
4993	0	4	17	2527
4994	0	4	17	1720
4995	0	5	20	2949
4996	0	3	7	2130
4997	0	0	10	2985
4998	1	1	4	3239
4999	1	6	13	115
5000	0	2	4	2449
5001	1	2	2	2359
5002	0	2	17	529
5003	0	3	12	2920
5004	1	6	1	1097
5005	0	4	16	221
5006	0	3	3	1326
5007	1	1	4	767
5008	0	2	20	325
5009	1	4	16	1342
5010	0	4	15	2359
5011	0	1	4	2234
5012	0	5	15	1714
5013	0	1	4	1899
5014	0	4	0	574
5015	0	3	6	1853
5016	1	3	1	284
5017	0	3	12	696
5018	1	6	12	1576
5019	0	2	7	1488
5020	1	6	13	2799
5021	0	5	6	2031
5022	0	3	7	1273
5023	0	3	20	1061
5024	1	4	1	2159
5025	0	2	20	325
5026	0	2	17	3078
5027	1	2	14	1915
5028	0	2	12	1867
5029	0	2	4	1557
5030	0	1	1	402
5031	1	2	4	3193
5032	0	1	17	2267
5033	1	6	13	2019
5034	1	2	15	1346
5035	1	2	17	2407
5036	0	3	7	1433
5037	0	3	12	621
5038	0	2	20	55
5039	1	3	4	249
5040	0	4	12	1015
5041	1	4	6	145
5042	1	1	2	2764
5043	1	1	6	363
5044	1	3	6	1222
5045	0	3	0	1114
5046	0	2	16	2663
5047	0	4	6	3365
5048	1	3	7	2388
5049	0	2	12	186
5050	1	1	4	897
5051	1	5	7	2601
5052	0	3	16	2681
5053	0	2	4	750
5054	0	3	2	474
5055	1	3	16	1773
5056	0	4	1	2631
5057	0	5	7	500
5058	0	6	17	2555
5059	0	4	16	2389
5060	0	4	17	2585
5061	1	1	19	3012
5062	0	5	16	274
5063	1	0	10	881
5064	0	1	4	813
5065	0	2	14	3194
5066	1	2	1	1389
5067	0	6	13	2931
5068	0	3	7	434
5069	1	6	0	252
5070	0	2	2	1672
5071	1	2	7	2263
5072	0	4	17	1773
5073	0	6	2	862
5074	0	0	0	2149
5075	0	5	6	1889
5076	0	2	3	1887
5077	0	2	2	848
5078	0	4	7	1409
5079	0	2	4	1
5080	1	5	12	1836
5081	1	1	4	1229
5082	0	3	1	16
5083	0	2	4	756
5084	0	1	4	512
5085	0	6	17	1862
5086	0	2	1	706
5087	1	2	6	1229
5088	0	2	17	3220
5089	1	3	16	437
5090	1	3	19	1213
5091	0	2	17	2407
5092	0	6	14	85
5093	0	5	7	833
5094	0	1	10	2646
5095	1	3	1	234
5096	0	2	11	854
5097	0	6	16	1174
5098	0	5	7	57
5099	0	1	0	1208
5100	0	5	6	1246
5101	0	2	0	925
5102	0	2	12	332
5103	1	3	16	3394
5104	0	3	20	1884
5105	0	5	7	2217
5106	1	3	1	17
5107	1	4	0	689
5108	1	2	9	1984
5109	1	4	6	1553
5110	0	3	15	41
5111	0	3	2	2132
5112	0	3	13	382
5113	0	2	0	2764
5114	1	0	10	1539
5115	0	6	12	3387
5116	0	3	6	1699
5117	1	2	0	883
5118	0	0	10	2971
5119	1	2	0	1099
5120	0	5	7	2050
5121	0	2	7	2176
5122	0	2	0	1571
5123	0	5	12	1188
5124	0	3	2	474
5125	0	4	0	1663
5126	0	2	11	1414
5127	0	4	5	766
5128	0	5	7	2724
5129	0	4	17	718
5130	1	5	1	2020
5131	1	2	1	105
5132	0	3	7	2341
5133	0	1	11	1722
5134	0	2	17	440
5135	0	3	7	575
5136	0	2	12	2077
5137	0	1	18	629
5138	0	2	17	502
5139	0	5	16	214
5140	0	2	6	502
5141	0	1	17	2381
5142	0	2	1	2808
5143	0	1	4	2522
5144	1	5	0	2363
5145	0	3	7	2341
5146	0	6	1	927
5147	0	1	0	2478
5148	0	2	20	3022
5149	0	3	1	2755
5150	0	2	3	2768
5151	0	1	19	2046
5152	1	2	4	1201
5153	0	2	7	330
5154	0	2	16	2191
5155	0	2	16	157
5156	0	1	14	896
5157	0	3	1	201
5158	1	1	4	731
5159	0	3	7	2016
5160	1	1	4	3209
5161	0	2	4	801
5162	0	2	17	258
5163	0	4	6	3284
5164	1	3	17	2907
5165	0	3	6	3013
5166	0	5	6	1969
5167	0	1	15	1223
5168	0	3	7	137
5169	1	5	4	1371
5170	0	1	4	1654
5171	0	6	17	56
5172	1	3	11	2976
5173	0	0	10	3109
5174	0	4	1	2863
5175	1	3	9	1829
5176	0	0	10	3109
5177	0	4	14	1115
5178	0	5	0	1172
5179	0	2	12	2436
5180	0	3	11	2589
5181	0	2	7	3238
5182	1	3	7	446
5183	1	1	20	2837
5184	0	1	20	868
5185	1	3	4	280
5186	0	3	12	1457
5187	0	1	16	1158
5188	1	3	9	1201
5189	1	4	7	2027
5190	1	3	0	659
5191	1	2	4	1428
5192	0	2	7	904
5193	0	3	12	125
5194	0	2	7	2445
5195	0	3	7	2027
5196	0	6	7	170
5197	1	6	3	2558
5198	1	1	4	1461
5199	1	2	1	613
5200	1	3	15	662
5201	0	5	7	1228
5202	0	1	4	2661
5203	1	4	6	913
5204	0	5	13	822
5205	0	2	1	785
5206	0	3	7	898
5207	0	2	0	2110
5208	0	2	4	1428
5209	0	5	1	2242
5210	1	3	17	1639
5211	0	2	1	2997
5212	0	1	2	1431
5213	0	1	0	2311
5214	1	3	9	444
5215	1	6	6	2789
5216	0	1	2	298
5217	0	2	17	2161
5218	0	1	0	962
5219	0	1	4	198
5220	0	2	7	152
5221	1	6	1	320
5222	0	2	12	2935
5223	0	6	10	1374
5224	0	3	1	1663
5225	0	1	4	2774
5226	0	3	0	3103
5227	0	1	10	923
5228	0	0	0	2583
5229	0	2	0	1080
5230	0	2	12	696
5231	0	3	7	2188
5232	0	2	4	2546
5233	0	2	5	1945
5234	1	2	0	3211
5235	0	2	4	2546
5236	0	2	14	398
5237	0	2	7	446
5238	1	5	16	2926
5239	0	3	7	3301
5240	1	2	0	1901
5241	1	2	4	3202
5242	0	2	1	2342
5243	0	0	10	1359
5244	0	1	4	3025
5245	1	4	1	2796
5246	1	1	0	710
5247	1	0	10	903
5248	1	4	14	2680
5249	1	4	14	135
5250	0	5	6	913
5251	1	2	17	1773
5252	0	2	20	1240
5253	1	6	13	1673
5254	0	1	4	1043
5255	0	0	10	3145
5256	0	2	16	2860
5257	1	2	2	33
5258	0	3	4	1181
5259	0	2	6	577
5260	0	3	7	322
5261	0	3	12	1488
5262	1	2	14	3045
5263	0	3	7	1329
5264	0	1	4	976
5265	0	4	1	3106
5266	0	3	1	1310
5267	0	3	7	2398
5268	1	2	2	2767
5269	0	1	0	1944
5270	0	2	12	11
5271	1	2	0	2436
5272	0	2	7	2985
5273	0	6	20	767
5274	0	2	0	688
5275	0	2	17	688
5276	1	2	4	1978
5277	0	2	20	1978
5278	1	2	7	2045
5279	1	2	14	2102
5280	0	1	4	2802
5281	0	2	2	2985
5282	1	1	4	1598
5283	0	1	2	1406
5284	0	2	16	1416
5285	0	1	4	2823
5286	0	4	16	249
5287	0	2	8	2719
5288	0	6	13	2291
5289	0	4	2	2498
5290	1	1	4	186
5291	0	4	1	1201
5292	0	2	0	327
5293	0	2	12	2743
5294	0	2	2	1785
5295	0	3	7	149
5296	1	0	0	617
5297	0	2	12	1409
5298	0	3	17	1469
5299	0	2	2	1994
5300	0	2	20	708
5301	0	2	17	3232
5302	1	0	10	850
5303	1	6	6	579
5304	1	3	9	2823
5305	1	1	4	1130
5306	1	2	17	2247
5307	0	2	5	1520
5308	0	6	7	2189
5309	0	2	0	2566
5310	1	6	1	386
5311	0	5	0	2028
5312	0	2	1	947
5313	0	6	0	2503
5314	1	2	0	3291
5315	0	2	12	1123
5316	0	1	4	1149
5317	1	2	0	3202
5318	0	1	17	3103
5319	0	1	17	1534
5320	1	1	5	888
5321	0	2	4	2506
5322	0	3	17	1773
5323	0	2	20	271
5324	0	2	7	81
5325	1	5	7	1211
5326	0	2	2	2764
5327	0	2	7	2764
5328	1	2	4	1978
5329	1	2	5	2770
5330	1	2	0	2902
5331	0	3	14	1821
5332	0	1	4	1467
5333	1	2	7	850
5334	1	6	13	3285
5335	0	2	14	2263
5336	0	6	7	2357
5337	1	3	3	2685
5338	0	2	17	146
5339	0	1	17	483
5340	1	5	3	631
5341	1	2	3	1252
5342	1	3	7	312
5343	1	2	9	619
5344	1	5	1	3378
5345	1	2	17	3240
5346	1	2	3	1773
5347	0	2	6	959
5348	0	1	5	1143
5349	1	5	2	700
5350	0	1	5	1672
5351	1	4	1	2013
5352	1	3	5	415
5353	0	2	6	819
5354	1	4	3	2649
5355	0	6	0	2662
5356	0	4	0	991
5357	1	1	20	477
5358	0	3	7	3383
5359	0	1	16	1906
5360	0	1	12	547
5361	1	5	16	1865
5362	0	3	13	3219
5363	0	6	13	2893
5364	1	2	3	2764
5365	0	1	12	2036
5366	0	1	12	3263
5367	0	1	4	1672
5368	1	2	17	2241
5369	0	2	15	2267
5370	0	2	12	3171
5371	0	2	11	2764
5372	0	2	4	2004
5373	0	1	12	1487
5374	0	3	7	2221
5375	0	2	0	3216
5376	0	2	17	990
5377	1	1	3	430
5378	0	3	18	947
5379	0	2	7	2023
5380	0	1	4	1185
5381	0	2	14	772
5382	0	1	4	887
5383	0	3	1	2727
5384	1	2	3	1791
5385	0	2	12	3134
5386	0	2	14	2461
5387	1	2	1	2087
5388	1	1	4	155
5389	0	4	7	1664
5390	0	0	0	1704
5391	0	2	7	1663
5392	0	5	1	552
5393	0	3	7	159
5394	0	1	0	1639
5395	0	5	1	1831
5396	0	2	6	2925
5397	0	1	0	1886
5398	0	6	17	2794
5399	0	2	1	2492
5400	1	1	4	1013
5401	1	1	1	2419
5402	1	2	0	1999
5403	0	0	10	1666
5404	0	2	0	1646
5405	1	5	7	214
5406	1	3	0	878
5407	1	3	17	790
5408	0	2	20	2143
5409	0	4	1	2055
5410	1	4	2	2515
5411	1	0	19	1433
5412	0	2	12	1773
5413	0	3	1	1666
5414	0	0	10	1849
5415	1	2	7	2317
5416	1	2	5	928
5417	0	1	17	1492
5418	1	2	0	1192
5419	1	1	12	804
5420	1	0	19	1433
5421	0	3	17	777
5422	0	5	7	2291
5423	1	5	5	1858
5424	1	3	2	2880
5425	0	1	4	2402
5426	0	2	14	1837
5427	0	3	19	1587
5428	1	2	6	452
5429	1	2	1	936
5430	1	4	1	3312
5431	0	6	1	937
5432	0	6	13	2679
5433	1	3	17	3251
5434	1	2	7	1639
5435	0	4	18	508
5436	0	1	4	1647
5437	0	2	11	1416
5438	0	2	14	1187
5439	0	6	13	664
5440	1	4	2	1624
5441	0	5	7	2353
5442	0	2	7	1186
5443	0	2	12	903
5444	1	1	4	494
5445	0	2	0	3304
5446	1	5	1	1970
5447	0	4	2	1785
5448	0	4	19	1785
5449	0	1	12	442
5450	0	1	12	3387
5451	1	2	1	2307
5452	0	3	6	1099
5453	0	1	4	2623
5454	0	3	7	2856
5455	1	1	17	494
5456	0	3	1	1706
5457	0	1	12	1327
5458	1	1	2	2110
5459	1	0	10	360
5460	0	1	4	3387
5461	0	5	0	847
5462	0	2	17	2184
5463	0	3	0	1552
5464	0	3	7	1941
5465	1	2	0	33
5466	0	2	12	1239
5467	0	3	0	2287
5468	0	2	12	3129
5469	0	3	12	389
5470	0	6	7	2419
5471	0	1	7	1663
5472	0	3	1	912
5473	0	2	1	2241
5474	0	2	12	1571
5475	0	2	4	2436
5476	1	3	0	848
5477	0	3	1	2574
5478	0	3	7	779
5479	0	3	1	3180
5480	1	2	14	1253
5481	0	4	12	494
5482	0	1	7	324
5483	1	2	6	220
5484	0	4	17	3260
5485	0	2	4	3384
5486	0	2	0	1596
5487	0	2	17	2128
5488	0	2	15	193
5489	0	1	7	1901
5490	0	4	17	2157
5491	0	1	7	1663
5492	0	1	4	1149
5493	0	3	12	3274
5494	1	3	17	2345
5495	1	1	4	2043
5496	0	2	7	925
5497	0	2	4	619
5498	1	5	1	1346
5499	1	2	19	619
5500	1	3	20	1433
5501	0	2	2	1405
5502	0	2	2	1996
5503	1	2	9	2445
5504	0	4	7	922
5505	1	2	4	1718
5506	1	1	14	1210
5507	0	4	7	2526
5508	0	2	20	3027
5509	0	2	0	1692
5510	0	1	4	2919
5511	0	4	1	115
5512	1	2	17	459
5513	0	3	1	1981
5514	1	0	10	2716
5515	0	1	4	411
5516	1	5	16	2872
5517	0	6	0	240
5518	0	5	17	2060
5519	0	3	15	136
5520	0	4	1	2672
5521	1	2	6	1164
5522	0	2	14	936
5523	0	3	0	905
5524	1	0	10	3312
5525	1	0	10	3098
5526	1	3	2	1940
5527	0	2	1	2091
5528	0	5	1	2937
5529	0	1	6	43
5530	1	1	4	1654
5531	0	5	17	2354
5532	0	2	17	1111
5533	1	5	2	1488
5534	0	4	16	1999
5535	0	2	15	990
5536	0	2	16	2195
5537	1	6	1	2413
5538	0	4	12	2569
5539	1	2	20	1317
5540	0	3	1	1205
5541	0	6	7	763
5542	0	4	7	2204
5543	0	2	17	327
5544	0	2	15	443
5545	1	3	16	3355
5546	0	1	14	2942
5547	1	1	4	1488
5548	1	1	4	3202
5549	1	5	9	828
5550	0	3	15	3343
5551	1	3	20	2924
5552	0	5	7	2450
5553	0	3	3	2560
5554	0	2	1	52
5555	0	0	10	2705
5556	0	4	6	3328
5557	0	3	14	3314
5558	0	0	10	2917
5559	0	5	1	227
5560	1	3	17	2111
5561	1	2	3	965
5562	1	3	1	1254
5563	1	2	7	2433
5564	0	4	20	2917
5565	0	1	17	715
5566	0	3	7	1358
5567	0	5	3	2274
5568	0	1	4	2370
5569	1	1	1	61
5570	0	2	1	61
5571	1	2	9	484
5572	1	2	4	2359
5573	1	3	1	125
5574	0	2	0	3077
5575	0	3	7	1986
5576	0	2	4	1872
5577	0	5	1	373
5578	1	1	1	1678
5579	1	3	7	1034
5580	0	4	7	2186
5581	0	2	0	1663
5582	0	4	1	2116
5583	0	6	15	2705
5584	1	5	0	1663
5585	0	2	4	1663
5586	0	3	20	3291
5587	0	2	17	583
5588	1	2	20	407
5589	1	2	0	2421
5590	1	4	12	1791
5591	0	1	0	772
5592	0	2	1	1804
5593	0	5	16	2985
5594	1	4	0	2949
5595	0	2	20	2369
5596	0	3	12	2651
5597	1	1	4	1625
5598	0	1	4	334
5599	0	3	7	257
5600	1	4	0	2293
5601	0	3	1	3073
5602	0	3	0	929
5603	0	5	7	126
5604	0	3	15	2469
5605	1	1	2	1625
5606	1	2	14	2395
5607	0	1	4	1067
5608	0	1	3	1227
5609	1	5	1	1151
5610	1	2	1	2814
5611	1	3	7	1419
5612	1	2	1	2429
5613	1	3	0	1514
5614	0	2	0	2293
5615	0	3	7	871
5616	0	4	1	1017
5617	0	2	14	712
5618	1	1	4	812
5619	1	1	4	737
5620	0	3	14	811
5621	0	2	7	743
5622	0	3	15	702
5623	0	2	11	2585
5624	0	2	7	57
5625	0	2	1	1468
5626	0	6	16	2079
5627	0	2	0	183
5628	0	1	4	1647
5629	0	2	14	5
5630	0	3	17	2905
5631	0	3	12	2664
5632	1	1	4	1709
5633	0	5	1	1750
5634	0	2	14	2503
5635	1	3	9	2905
5636	0	2	7	2110
5637	0	0	10	1332
5638	0	1	1	294
5639	1	1	4	2028
5640	0	3	17	3144
5641	1	2	17	2874
5642	0	0	10	865
5643	1	3	1	2967
5644	1	1	4	308
5645	0	2	2	171
5646	0	1	4	1401
5647	0	1	1	3282
5648	0	2	17	2874
5649	1	1	4	1431
5650	1	3	12	696
5651	1	2	6	1745
5652	0	1	0	68
5653	0	5	1	1745
5654	0	2	4	2634
5655	1	2	6	3327
5656	0	2	15	2987
5657	0	5	14	1865
5658	0	6	0	2079
5659	0	2	0	3008
5660	0	2	2	1227
5661	1	2	15	1308
5662	0	0	10	724
5663	1	3	20	2263
5664	0	1	4	2283
5665	0	1	4	1365
5666	0	1	16	1067
5667	0	3	7	772
5668	1	2	3	1752
5669	0	6	1	1647
5670	0	1	4	2632
5671	0	2	1	842
5672	1	2	4	2232
5673	1	3	1	1277
5674	0	3	7	2345
5675	0	3	14	1134
5676	0	2	20	968
5677	0	2	1	192
5678	0	3	17	2924
5679	0	3	2	2179
5680	0	5	20	1791
5681	1	2	7	3231
5682	0	1	0	2135
5683	1	1	9	990
5684	0	1	16	2436
5685	0	2	17	1791
5686	0	6	16	1210
5687	1	0	0	1602
5688	1	1	4	2060
5689	0	2	0	597
5690	0	1	4	2060
5691	0	3	14	1336
5692	1	2	7	788
5693	1	2	4	177
5694	1	2	12	2379
5695	1	3	3	1820
5696	1	2	14	1903
5697	0	2	0	2939
5698	0	3	14	2102
5699	0	3	15	198
5700	1	1	14	1416
5701	0	2	7	3098
5702	0	1	0	177
5703	0	6	1	3019
5704	1	1	4	1647
5705	1	1	4	1647
5706	0	1	17	1679
5707	0	2	12	2161
5708	0	3	1	177
5709	0	1	4	1647
5710	0	2	15	177
5711	0	2	7	3324
5712	0	3	1	1647
5713	1	5	7	107
5714	0	3	2	1614
5715	0	1	4	1647
5716	0	0	10	275
5717	0	2	0	2599
5718	1	3	14	2221
5719	0	6	7	2643
5720	0	2	0	1210
5721	0	4	11	2174
5722	0	2	20	1714
5723	0	1	12	1563
5724	0	2	15	2498
5725	0	1	2	1524
5726	0	2	1	2875
5727	0	2	4	2567
5728	1	3	20	3325
5729	0	1	10	360
5730	0	1	0	708
5731	1	2	11	3336
5732	1	2	11	1947
5733	0	2	4	2632
5734	1	2	14	3336
5735	0	2	6	623
5736	0	2	1	3345
5737	0	4	15	2048
5738	0	2	12	2503
5739	0	2	7	2459
5740	0	2	1	186
5741	0	5	13	1240
5742	1	2	12	226
5743	1	3	0	2945
5744	1	2	4	1996
5745	1	1	4	1647
5746	0	1	15	2564
5747	0	2	0	2987
5748	0	2	0	1425
5749	0	2	2	1791
5750	0	1	1	2421
5751	1	0	0	544
5752	1	6	0	1433
5753	0	1	17	1926
5754	1	1	1	407
5755	1	3	2	2660
5756	1	0	10	2833
5757	0	0	10	1035
5758	1	5	1	837
5759	1	2	1	3345
5760	0	1	12	2004
5761	0	2	20	10
5762	1	3	6	1784
5763	1	2	1	3345
5764	1	5	12	2539
5765	0	2	11	1826
5766	0	6	14	1401
5767	0	2	2	1294
5768	1	0	7	3187
5769	0	4	14	2976
5770	0	2	0	2618
5771	0	2	7	2634
5772	0	3	7	1770
5773	0	2	6	1091
5774	0	1	4	3225
5775	0	2	11	896
5776	0	1	12	1688
5777	0	0	0	1035
5778	0	3	12	436
5779	0	2	5	1099
5780	0	1	17	1730
5781	0	2	2	261
5782	1	3	0	3385
5783	1	4	1	1909
5784	0	1	10	3068
5785	1	2	7	216
5786	0	2	6	2402
5787	0	2	20	2619
5788	0	2	0	3080
5789	0	2	17	2907
5790	1	3	0	217
5791	0	1	4	1615
5792	0	2	17	888
5793	0	2	2	1249
5794	0	3	17	460
5795	0	2	1	262
5796	1	2	7	2870
5797	0	2	7	2009
5798	0	3	0	1108
5799	0	2	5	340
5800	0	3	18	1873
5801	0	2	16	491
5802	1	2	0	1958
5803	0	0	10	2986
5804	1	3	7	2345
5805	1	2	0	2619
5806	1	5	1	2604
5807	0	3	7	2203
5808	1	2	7	2787
5809	0	2	7	2787
5810	0	5	16	1695
5811	0	1	4	2414
5812	1	2	7	2911
5813	0	2	7	1791
5814	0	2	0	1317
5815	0	2	20	10
5816	0	2	0	1074
5817	0	2	17	256
5818	0	2	4	335
5819	0	5	6	103
5820	0	4	0	3341
5821	0	2	15	2267
5822	1	3	4	2551
5823	0	2	12	3254
5824	0	1	12	2676
5825	1	2	4	888
5826	0	1	4	619
5827	0	2	2	1461
5828	0	2	17	10
5829	1	2	4	142
5830	1	1	4	3241
5831	0	2	1	2911
5832	1	2	0	2834
5833	1	3	0	2347
5834	0	6	16	1909
5835	1	3	0	2503
5836	0	2	0	3286
5837	0	2	7	216
5838	1	4	7	2320
5839	0	2	1	384
5840	1	0	0	2586
5841	1	3	7	896
5842	0	2	4	888
5843	0	3	1	1809
5844	1	0	10	3216
5845	1	2	3	2835
5846	0	4	16	179
5847	1	1	4	2843
5848	0	5	20	1571
5849	0	3	17	2735
5850	1	2	7	2160
5851	1	1	20	2823
5852	1	2	1	1627
5853	0	5	19	185
5854	0	4	7	3031
5855	0	5	7	2970
5856	1	2	7	2662
5857	1	4	2	3152
5858	0	2	4	1747
5859	0	2	7	1559
5860	1	2	4	2605
5861	1	5	1	3111
5862	1	2	9	1025
5863	1	2	14	755
5864	1	5	1	1309
5865	0	2	17	2444
5866	1	2	6	1223
5867	1	4	3	1206
5868	0	3	14	3044
5869	1	2	7	404
5870	0	2	14	3177
5871	1	2	4	1747
5872	0	2	17	173
5873	0	1	12	3070
5874	0	2	4	1747
5875	0	2	4	404
5876	0	5	7	35
5877	0	1	12	3202
5878	1	2	0	407
5879	0	3	7	743
5880	0	2	1	3345
5881	0	3	17	587
5882	0	3	7	2093
5883	1	1	0	3202
5884	0	1	4	2268
5885	0	2	1	1300
5886	0	2	20	2267
5887	1	3	20	549
5888	0	2	20	1954
5889	0	5	20	538
5890	0	3	20	1963
5891	0	1	4	3221
5892	0	4	2	1480
5893	0	2	7	2267
5894	0	3	0	2867
5895	0	2	1	3053
5896	0	2	0	3211
5897	0	2	20	1380
5898	1	1	0	3387
5899	0	3	17	736
5900	0	2	7	2761
5901	1	3	7	1069
5902	0	5	16	1941
5903	0	2	11	2361
5904	1	4	12	2257
5905	1	3	20	2132
5906	1	1	4	2602
5907	0	2	2	2489
5908	0	2	4	2974
5909	0	1	20	3308
5910	1	4	20	2960
5911	1	2	17	3067
5912	0	2	1	90
5913	1	1	0	68
5914	0	3	2	1841
5915	0	1	4	1047
5916	0	5	20	1392
5917	1	5	1	2130
5918	0	2	12	2721
5919	0	1	0	1162
5920	1	2	1	1101
5921	0	2	6	958
5922	0	6	3	2439
5923	0	2	7	1101
5924	0	3	0	1277
5925	1	2	0	768
5926	1	5	7	3165
5927	0	3	14	2870
5928	0	4	1	1569
5929	1	3	0	2858
5930	1	3	17	970
5931	1	1	7	708
5932	0	1	14	1565
5933	0	2	2	18
5934	0	2	14	1842
5935	0	1	0	401
5936	0	1	4	1338
5937	0	2	12	1240
5938	0	2	1	3039
5939	1	4	15	475
5940	0	5	12	141
5941	1	2	0	407
5942	0	4	1	462
5943	1	4	1	948
5944	1	1	10	776
5945	1	3	2	3142
5946	1	6	1	2503
5947	1	4	16	2181
5948	0	6	13	3299
5949	0	1	17	68
5950	0	2	4	1607
5951	0	1	4	1774
5952	1	4	1	1177
5953	0	0	10	1001
5954	0	4	11	2550
5955	1	2	7	2073
5956	1	1	4	2702
5957	0	1	20	2320
5958	0	4	14	1572
5959	1	1	4	1433
5960	1	4	0	1904
5961	1	4	0	2009
5962	0	3	7	2261
5963	0	2	15	2737
5964	0	1	5	2424
5965	0	2	17	3321
5966	1	3	9	3070
5967	0	5	16	447
5968	0	6	7	2924
5969	0	4	13	227
5970	0	3	11	2405
5971	0	3	7	878
5972	1	2	20	2187
5973	0	0	10	3006
5974	1	2	1	2982
5975	0	2	14	1149
5976	1	2	1	15
5977	0	3	1	1659
5978	0	3	1	1662
5979	0	2	1	2993
5980	0	6	1	2729
5981	0	3	7	281
5982	0	3	1	2626
5983	0	2	3	203
5984	0	2	1	3211
5985	1	1	4	322
5986	1	6	1	2161
5987	0	2	16	2870
5988	0	2	15	2839
5989	1	0	10	2790
5990	1	2	20	2174
5991	1	3	20	847
5992	1	1	4	2395
5993	1	5	20	1340
5994	0	3	1	2652
5995	1	3	1	2159
5996	1	2	0	2753
5997	1	2	7	1663
5998	0	1	4	30
5999	1	2	1	1428
6000	0	4	17	1584
6001	1	2	7	1791
6002	0	5	0	1464
6003	1	4	17	1227
6004	1	2	15	28
6005	1	2	5	28
6006	1	0	0	2695
6007	0	3	17	70
6008	0	1	4	322
6009	1	2	12	739
6010	0	3	0	2552
6011	0	3	15	2968
6012	0	3	15	2661
6013	1	2	20	3297
6014	0	4	1	2260
6015	1	2	9	2021
6016	0	4	1	2797
6017	1	3	7	787
6018	0	3	1	3268
6019	0	2	0	896
6020	0	5	16	3148
6021	0	2	12	443
6022	0	2	17	2792
6023	0	2	0	471
6024	0	2	12	959
6025	1	2	1	1549
6026	0	3	6	2059
6027	0	1	4	655
6028	0	1	4	920
6029	1	2	1	16
6030	0	2	17	2493
6031	1	1	0	3007
6032	0	4	7	1305
6033	0	5	13	2662
6034	0	2	14	1791
6035	1	2	1	3315
6036	1	2	15	2373
6037	1	4	1	2286
6038	1	6	1	394
6039	1	4	0	2161
6040	0	2	6	261
