0	0	0	0	0	0
1	1	1	1	0	0
2	2	2	2	0	0
3	3	3	3	0	0
4	4	4	4	1	0
5	5	0	5	0	0
6	6	0	5	0	0
7	7	0	5	0	0
8	8	5	6	0	0
9	9	6	7	2	0
10	10	0	5	0	0
11	11	7	6	0	0
12	12	8	8	0	0
13	13	0	9	0	0
14	14	9	10	0	0
15	15	8	11	0	0
16	16	0	12	0	0
17	17	0	9	0	0
18	18	10	13	0	0
19	19	11	14	3	1
20	20	12	15	0	0
21	21	8	9	0	0
22	22	13	16	0	0
23	23	8	17	0	0
24	24	0	18	0	0
25	22	0	16	0	0
26	25	0	19	0	0
27	26	14	20	0	0
28	27	15	9	0	0
29	28	0	21	0	0
30	29	0	21	0	0
31	30	0	21	0	0
32	31	6	22	0	0
33	32	0	23	0	0
34	33	16	24	4	0
35	34	8	25	0	0
36	35	0	26	0	0
37	36	8	0	0	0
38	37	0	21	0	0
39	38	17	27	0	0
40	39	18	28	0	0
41	40	19	24	5	0
42	41	20	29	0	0
43	42	0	30	0	0
44	43	8	31	0	0
45	44	0	23	0	0
46	45	21	32	0	0
47	46	8	11	0	0
48	47	8	33	0	0
49	48	8	8	0	0
50	49	22	6	0	0
51	50	8	34	0	0
52	51	8	35	0	0
53	52	0	21	0	0
54	53	8	35	0	0
55	54	8	36	0	0
56	55	8	37	0	0
57	56	23	38	0	0
58	57	8	8	0	0
59	58	24	39	0	0
60	59	0	21	0	0
61	60	0	21	0	0
62	61	25	6	0	0
63	62	11	40	3	2
64	63	26	41	6	0
65	64	27	42	0	0
66	65	11	14	3	3
67	66	6	39	0	0
68	67	27	28	0	0
69	68	0	43	0	0
70	69	28	39	0	0
71	70	0	21	0	0
72	71	0	21	0	0
73	72	0	16	0	0
74	73	29	39	0	0
75	74	30	39	0	0
76	75	18	44	0	0
77	76	8	8	0	0
78	77	31	32	0	0
79	78	0	32	0	0
80	79	8	45	0	0
81	80	0	46	0	0
82	81	25	39	0	0
83	82	0	32	0	0
84	83	8	47	0	0
85	84	0	21	0	0
86	85	6	48	0	0
87	86	0	49	0	0
88	87	8	50	0	0
89	88	32	51	0	0
90	89	32	8	0	0
91	90	33	52	0	0
92	91	32	53	0	0
93	92	34	54	0	0
94	93	18	55	0	0
95	94	35	54	0	0
96	95	7	56	0	0
97	57	0	8	0	0
98	96	0	57	0	0
99	97	6	22	0	0
100	98	8	8	0	0
101	99	36	43	0	0
102	100	4	58	7	0
103	101	0	59	0	0
104	102	8	8	0	0
105	103	32	53	0	0
106	104	0	57	0	0
107	105	8	11	0	0
108	106	21	57	0	0
109	107	8	60	0	0
110	108	37	9	0	0
111	109	32	43	0	0
112	110	21	9	0	0
113	111	18	61	0	0
114	112	0	62	0	0
115	113	6	63	0	0
116	114	38	64	0	0
117	115	18	5	0	0
118	116	39	64	0	0
119	117	0	16	0	0
120	118	0	16	0	0
121	119	32	53	0	0
122	120	0	65	0	0
123	121	0	16	0	0
124	122	0	16	0	0
125	123	27	16	0	0
126	124	0	0	0	0
127	125	18	20	0	0
128	126	16	66	8	0
129	127	13	61	0	0
130	128	18	67	0	0
131	129	0	16	0	0
132	130	0	16	0	0
133	131	0	5	0	0
134	132	40	68	0	0
135	133	18	69	0	0
136	134	41	42	0	0
137	135	0	70	0	0
138	136	0	42	0	0
139	137	6	68	0	0
140	138	42	42	0	0
141	139	25	6	0	0
142	140	0	71	0	0
143	141	0	72	0	0
144	142	0	5	0	0
145	143	18	73	0	0
146	144	0	56	0	0
147	145	0	39	0	0
148	146	18	5	0	0
149	147	43	74	0	0
150	148	0	75	0	0
151	149	0	76	0	0
152	150	0	77	0	0
153	151	0	16	0	0
154	72	18	28	0	0
155	152	0	75	0	0
156	153	40	68	0	0
157	154	44	16	0	0
158	155	20	78	0	0
159	156	21	39	0	0
160	157	45	79	0	0
161	158	13	16	0	0
162	159	8	34	0	0
163	160	46	80	0	0
164	161	44	16	0	0
165	162	0	16	0	0
166	163	0	16	0	0
167	164	13	16	0	0
168	165	47	39	0	0
169	166	18	57	0	0
170	167	42	39	0	0
171	168	48	6	0	0
172	169	27	81	0	0
173	170	49	39	0	0
174	171	50	6	0	0
175	172	51	27	0	0
176	173	40	82	0	0
177	174	40	82	0	0
178	175	21	39	0	0
179	176	27	39	0	0
180	177	8	83	0	0
181	178	52	39	0	0
182	179	21	39	0	0
183	180	27	39	0	0
184	181	21	39	0	0
185	182	18	26	0	0
186	183	0	84	0	0
187	184	18	5	0	0
188	185	18	57	0	0
189	186	0	84	0	0
190	187	42	84	0	0
191	188	13	5	0	0
192	189	0	5	0	0
193	190	53	6	0	0
194	191	54	6	0	0
195	192	18	32	0	0
196	193	55	85	0	0
197	194	41	5	9	0
198	195	56	5	9	0
199	196	0	6	0	0
200	197	0	51	0	0
201	198	8	86	0	0
202	199	0	51	0	0
203	200	41	55	0	0
204	201	18	62	0	0
205	202	7	87	0	0
206	203	7	28	0	0
207	204	0	61	0	0
208	205	57	61	0	0
209	206	25	61	10	0
210	207	41	88	0	0
211	208	0	28	0	0
212	209	42	28	0	0
213	210	0	28	0	0
214	211	8	89	0	0
215	212	0	90	0	0
216	213	0	90	0	0
217	214	58	65	0	0
218	215	0	28	0	0
219	216	7	81	0	0
220	217	0	28	0	0
221	218	18	65	0	0
222	219	7	90	0	0
223	220	21	91	0	0
224	221	8	92	0	0
225	222	25	61	0	0
226	223	4	93	11	0
227	224	0	94	0	0
228	225	0	6	0	0
229	226	16	93	12	0
230	227	4	93	13	0
231	228	4	93	14	0
232	229	16	93	15	0
233	230	16	95	16	0
234	231	13	28	0	0
235	232	0	28	0	0
236	233	0	6	0	0
237	234	40	68	0	0
238	235	8	96	0	0
239	236	21	89	0	0
240	237	0	6	0	0
241	238	19	93	17	0
242	239	16	93	18	0
243	240	0	97	0	0
244	241	0	98	0	0
245	52	8	31	0	0
246	242	0	99	0	0
247	243	0	9	0	0
248	244	0	6	0	0
249	245	0	16	0	0
250	246	0	73	0	0
251	247	25	6	0	0
252	248	8	31	0	0
253	249	0	6	0	0
254	250	0	33	0	0
255	251	0	6	0	0
256	252	6	6	0	0
257	253	20	33	0	0
258	254	0	57	0	0
259	255	32	100	0	0
260	256	18	5	0	0
261	257	42	57	0	0
262	258	19	101	19	0
263	259	4	101	20	0
264	260	0	31	0	0
265	261	25	61	0	0
266	262	0	102	0	0
267	263	0	20	0	0
268	264	59	80	0	0
269	265	0	57	0	0
270	266	60	16	0	0
271	267	61	103	0	0
272	268	18	62	0	0
273	269	8	104	0	0
274	270	62	6	0	0
275	271	63	105	0	0
276	272	27	9	0	0
277	273	0	77	0	0
278	274	18	61	0	0
279	275	18	73	0	0
280	276	0	9	0	0
281	277	0	106	0	0
282	278	64	107	21	0
283	279	65	6	0	0
284	280	66	33	0	0
285	281	27	39	0	0
286	282	18	73	0	0
287	283	18	108	0	0
288	284	8	109	0	0
289	285	67	33	0	0
290	286	18	108	0	0
291	287	41	57	0	0
292	288	25	110	0	0
293	289	44	57	0	0
294	290	41	57	0	0
295	291	41	57	0	0
296	292	0	57	0	0
297	293	44	111	2	0
298	294	68	57	0	0
299	295	0	9	0	0
300	296	18	112	0	0
301	297	0	62	0	0
302	298	69	113	0	0
303	299	42	9	0	0
304	300	18	114	0	0
305	301	70	61	0	0
306	302	18	5	0	0
307	303	18	115	0	0
308	304	18	67	0	0
309	305	6	6	0	0
310	306	1	6	0	0
311	307	71	6	0	0
312	308	0	39	0	0
313	309	18	55	0	0
314	310	18	61	0	0
315	311	72	55	0	0
316	312	18	116	0	0
317	313	0	65	0	0
318	314	18	57	0	0
319	315	8	117	0	0
320	316	0	62	0	0
321	317	21	49	0	0
322	318	8	9	0	0
323	319	0	116	0	0
324	320	0	57	0	0
325	321	73	15	0	0
326	322	13	57	0	0
327	323	18	5	0	0
328	324	0	116	0	0
329	325	0	5	0	0
330	326	0	5	0	0
331	327	13	5	0	0
332	324	0	116	0	0
333	328	74	39	0	0
334	329	41	118	0	0
335	330	75	119	0	0
336	331	76	6	0	0
337	332	0	59	0	0
338	333	0	8	0	0
339	334	77	59	0	0
340	335	25	61	10	0
341	336	78	42	0	0
342	337	18	32	0	0
343	338	0	43	0	0
344	339	21	56	0	0
345	340	0	61	0	0
346	341	27	43	0	0
347	342	79	43	0	0
348	343	80	9	0	0
349	344	0	43	0	0
350	345	27	43	0	0
351	346	21	120	0	0
352	347	28	39	0	0
353	348	0	65	0	0
354	349	6	121	0	0
355	350	0	9	0	0
356	351	81	61	10	0
357	352	41	57	0	0
358	353	0	61	0	0
359	354	0	116	0	0
360	355	27	39	0	0
361	356	0	6	0	0
362	357	0	6	0	0
363	358	0	9	0	0
364	359	0	28	0	0
365	360	62	6	0	0
366	361	0	62	0	0
367	362	0	62	0	0
368	363	18	116	0	0
369	364	0	57	0	0
370	365	0	62	0	0
371	366	82	43	0	0
372	367	18	5	0	0
373	368	25	61	10	0
374	369	41	57	0	0
375	370	0	57	0	0
376	371	0	76	0	0
377	372	83	9	0	0
378	373	84	0	0	0
379	374	0	0	0	0
380	375	85	75	0	0
381	373	0	0	0	0
382	376	0	0	0	0
383	377	0	90	0	0
384	248	0	99	0	0
385	378	86	16	0	0
386	379	0	21	0	0
387	380	0	16	0	0
388	381	18	5	0	0
389	382	0	122	0	0
390	383	84	123	0	0
391	384	13	61	0	0
392	385	0	21	0	0
393	386	87	15	0	0
394	387	88	15	0	0
395	388	0	5	0	0
396	389	89	15	0	0
397	390	44	117	0	0
398	391	0	59	0	0
399	392	0	9	0	0
400	393	16	24	22	0
401	394	13	61	0	0
402	395	0	31	0	0
403	396	90	61	0	0
404	397	0	5	0	0
405	398	0	5	0	0
406	399	0	9	0	0
407	400	27	57	0	0
408	401	91	6	0	0
409	402	0	57	0	0
410	403	21	57	0	0
411	404	92	6	0	0
412	405	0	9	0	0
413	406	64	54	0	0
414	407	17	54	0	0
415	408	0	39	0	0
416	409	0	21	0	0
417	410	0	16	0	0
418	411	93	28	0	0
419	412	94	54	0	0
420	413	0	16	0	0
421	414	8	8	0	0
422	415	95	88	0	0
423	416	96	28	0	0
424	417	0	62	0	0
425	418	41	20	0	0
426	419	18	57	0	0
427	420	97	57	0	0
428	421	18	28	0	0
429	422	28	39	0	0
430	423	25	33	0	0
431	424	7	28	0	0
432	425	42	28	0	0
433	426	0	65	0	0
434	427	0	47	0	0
435	428	98	6	0	0
436	429	21	124	2	0
437	430	8	125	0	0
438	431	0	21	0	0
439	432	0	5	0	0
440	433	0	21	0	0
441	434	0	43	0	0
442	435	99	39	0	0
443	436	0	61	0	0
444	437	0	65	0	0
445	438	0	43	0	0
446	439	0	43	0	0
447	440	0	43	0	0
448	441	0	65	0	0
449	442	0	5	0	0
450	443	13	84	0	0
451	444	27	43	0	0
452	445	0	43	0	0
453	446	0	126	0	0
454	447	100	127	0	0
455	448	101	84	0	0
456	449	100	39	0	0
457	450	100	39	0	0
458	451	0	21	0	0
459	452	0	84	0	0
460	453	0	16	0	0
461	454	42	57	0	0
462	455	0	21	0	0
463	456	13	57	0	0
464	457	13	57	0	0
465	458	8	92	0	0
466	459	18	42	0	0
467	460	0	57	0	0
468	461	100	21	0	0
469	462	42	57	0	0
470	463	0	5	0	0
471	464	4	24	23	0
472	465	102	127	0	0
473	466	27	5	0	0
474	467	4	95	24	0
475	468	103	39	0	0
476	469	18	128	0	0
477	470	0	5	0	0
478	471	0	5	0	0
479	472	0	5	0	0
480	473	18	5	0	0
481	474	18	5	0	0
482	475	18	129	0	0
483	476	0	5	0	0
484	477	0	46	0	0
485	478	42	39	0	0
486	479	42	39	0	0
487	480	42	39	0	0
488	481	42	39	0	0
489	482	8	8	0	0
490	483	42	39	0	0
491	484	0	72	0	0
492	485	27	43	0	0
493	486	42	39	0	0
494	487	0	39	0	0
495	488	0	16	0	0
496	43	100	31	0	0
497	489	18	28	0	0
498	490	0	9	0	0
499	491	0	9	0	0
500	492	0	39	0	0
501	493	0	39	0	0
502	494	104	16	0	0
503	495	41	84	0	0
504	496	18	32	0	0
505	497	42	39	0	0
506	498	27	84	0	0
507	499	105	39	0	0
508	500	106	130	0	0
509	501	0	61	0	0
510	502	27	20	0	0
511	503	0	84	0	0
512	504	0	84	0	0
513	505	0	6	0	0
514	506	0	20	0	0
515	507	0	131	0	0
516	508	0	61	0	0
517	509	18	73	0	0
518	510	100	39	0	0
519	511	0	20	0	0
520	512	107	20	0	0
521	513	0	6	0	0
522	514	0	20	0	0
523	515	82	84	0	0
524	516	100	39	0	0
525	517	41	132	0	0
526	518	28	39	0	0
527	519	0	51	0	0
528	520	0	28	0	0
529	521	0	84	0	0
530	522	0	32	0	0
531	523	0	51	0	0
532	524	0	6	0	0
533	525	108	6	0	0
534	526	0	62	0	0
535	527	82	43	0	0
536	528	100	39	0	0
537	529	82	43	0	0
538	530	0	12	0	0
539	531	109	39	0	0
540	532	18	16	0	0
541	533	110	39	0	0
542	534	100	39	0	0
543	535	111	6	0	0
544	536	100	39	0	0
545	537	0	97	0	0
546	538	0	55	0	0
547	539	100	21	0	0
548	540	0	55	0	0
549	541	100	39	0	0
550	542	21	55	0	0
551	543	27	55	0	0
552	544	0	84	0	0
553	545	82	43	0	0
554	546	0	56	0	0
555	547	0	91	0	0
556	548	0	91	0	0
557	549	7	6	0	0
558	550	0	57	0	0
559	551	0	61	0	0
560	552	112	133	25	0
561	553	90	61	0	0
562	554	18	134	0	0
563	555	44	135	0	0
564	556	88	61	0	0
565	557	13	61	0	0
566	558	13	61	0	0
567	559	100	136	0	0
568	560	37	5	0	0
569	561	18	57	0	0
570	562	41	57	0	0
571	563	44	57	0	0
572	564	56	61	0	0
573	565	59	137	0	0
574	566	90	138	21	0
575	567	13	61	0	0
576	568	18	57	10	0
577	569	0	51	0	0
578	539	100	39	0	0
579	570	18	0	0	0
580	542	0	55	0	0
581	571	21	9	0	0
582	572	27	9	0	0
583	542	37	98	0	0
584	573	37	9	0	0
585	574	54	139	0	0
586	575	100	140	0	0
587	576	28	47	0	0
588	577	40	78	0	0
589	578	44	20	0	0
590	579	100	99	0	0
591	580	100	50	0	0
592	581	0	20	0	0
593	582	27	55	0	0
594	583	0	20	0	0
595	584	109	39	0	0
596	585	113	55	0	0
597	586	114	43	0	0
598	587	21	43	0	0
599	588	115	43	0	0
600	589	44	65	0	0
601	590	0	141	0	0
602	591	100	142	0	0
603	592	0	43	0	0
604	593	27	43	0	0
605	594	0	31	0	0
606	595	100	39	0	0
607	596	0	43	0	0
608	597	19	93	26	0
609	598	42	39	0	0
610	599	27	21	0	0
611	600	116	20	0	0
612	601	0	62	0	0
613	602	0	6	0	0
614	603	18	5	0	0
615	604	0	89	0	0
616	605	18	5	0	0
617	606	8	104	0	0
618	607	18	5	0	0
619	608	18	5	0	0
620	609	117	143	0	0
621	610	17	144	0	0
622	611	1	144	0	0
623	612	0	21	0	0
624	613	0	59	0	0
625	614	42	51	0	0
626	615	8	145	0	0
627	616	8	146	0	0
628	57	8	8	0	0
629	617	0	5	0	0
630	618	109	39	0	0
631	619	0	59	0	0
632	620	0	89	0	0
633	621	82	43	0	0
634	622	42	28	0	0
635	623	0	6	0	0
636	624	0	28	0	0
637	625	37	6	0	0
638	626	0	6	0	0
639	627	118	147	0	0
640	628	18	61	0	0
641	629	13	16	0	0
642	630	0	5	0	0
643	631	13	5	0	0
644	632	18	5	0	0
645	633	13	5	0	0
646	634	82	43	0	0
647	635	13	5	0	0
648	636	13	5	0	0
649	637	119	43	0	0
650	638	0	6	0	0
651	639	13	57	0	0
652	640	13	16	0	0
653	641	13	5	0	0
654	642	100	148	0	0
655	643	18	16	0	0
656	644	100	104	0	0
657	645	0	5	0	0
658	646	0	5	0	0
659	647	18	44	0	0
660	648	0	6	0	0
661	465	82	149	0	0
662	649	0	84	0	0
663	650	18	9	0	0
664	651	0	84	0	0
665	652	100	150	0	0
666	653	0	72	0	0
667	654	18	9	0	0
668	655	120	0	0	0
669	656	0	84	0	0
670	657	0	5	0	0
671	658	18	151	0	0
672	659	13	9	0	0
673	660	0	28	0	0
674	654	0	28	0	0
675	661	0	5	0	0
676	662	21	39	0	0
677	663	0	5	0	0
678	664	0	28	0	0
679	665	121	54	0	0
680	666	13	28	0	0
681	667	18	28	0	0
682	668	0	152	0	0
683	669	8	33	0	0
684	670	0	102	0	0
685	671	0	99	0	0
686	672	0	5	0	0
687	673	13	5	0	0
688	674	100	104	0	0
689	675	100	104	0	0
690	676	100	39	0	0
691	677	122	39	0	0
692	678	0	99	0	0
693	679	0	43	0	0
694	680	42	43	0	0
695	681	100	84	0	0
696	682	0	89	0	0
697	683	123	16	0	0
698	684	6	153	0	0
699	685	25	39	0	0
700	686	100	104	0	0
701	687	18	43	0	0
702	688	124	54	0	0
703	689	125	39	0	0
704	690	126	54	0	0
705	691	8	154	0	0
706	692	100	84	0	0
707	693	18	155	0	0
708	694	100	8	0	0
709	695	19	68	0	0
710	696	21	9	0	0
711	697	0	89	0	0
712	698	0	20	0	0
713	699	0	20	0	0
714	700	127	39	0	0
715	701	0	16	0	0
716	702	128	16	0	0
717	703	41	57	0	0
718	704	0	57	0	0
719	705	41	127	0	0
720	706	13	28	0	0
721	707	0	42	0	0
722	708	27	120	0	0
723	246	0	61	0	0
724	709	27	57	0	0
725	710	99	39	0	0
726	711	21	39	0	0
727	712	0	51	0	0
728	713	27	39	0	0
729	714	27	28	0	0
730	715	42	57	0	0
731	716	0	57	0	0
732	717	8	156	0	0
733	718	0	57	0	0
734	719	40	68	0	0
735	720	0	157	0	0
736	721	41	39	0	0
737	722	27	120	0	0
738	723	129	82	21	0
739	724	40	68	0	0
740	725	40	68	0	0
741	726	27	32	0	0
742	727	25	61	0	0
743	728	0	32	0	0
744	729	0	56	0	0
745	730	0	56	0	0
746	729	0	56	0	0
747	731	13	61	0	0
748	732	0	32	0	0
749	733	13	61	0	0
750	734	27	51	0	0
751	735	8	84	0	0
752	736	13	5	0	0
753	737	0	61	0	0
754	738	41	61	0	0
755	739	13	9	0	0
756	740	8	9	0	0
757	741	130	158	0	0
758	742	35	88	0	0
759	743	13	57	0	0
760	744	0	9	0	0
761	745	0	9	0	0
762	746	18	9	0	0
763	747	41	57	0	0
764	748	25	6	0	0
765	749	0	6	0	0
766	750	0	28	0	0
767	751	0	59	0	0
768	752	0	62	0	0
769	753	13	62	0	0
770	754	0	39	0	0
771	755	42	39	0	0
772	756	42	39	0	0
773	757	42	39	0	0
774	758	42	39	0	0
775	759	42	39	0	0
776	760	42	39	0	0
777	761	100	84	0	0
778	762	0	16	0	0
779	763	27	16	0	0
780	764	0	16	0	0
781	765	21	16	0	0
782	766	18	9	0	0
783	767	0	16	0	0
784	768	41	5	0	0
785	769	131	159	0	0
786	770	0	21	0	0
787	771	18	159	0	0
788	772	42	39	0	0
789	773	6	39	0	0
790	774	0	5	0	0
791	775	18	5	0	0
792	776	18	5	0	0
793	777	56	57	0	0
794	778	41	6	0	0
795	779	0	21	0	0
796	780	25	6	0	0
797	781	0	21	0	0
798	782	27	32	0	0
799	783	41	5	0	0
800	784	32	53	0	0
801	785	37	59	0	0
802	786	0	89	0	0
803	787	0	89	0	0
804	788	132	160	27	4
805	789	0	9	0	0
806	788	132	160	27	4
807	790	133	161	0	0
808	791	0	162	0	0
809	792	134	39	0	0
810	793	0	5	0	0
811	794	0	65	0	0
812	795	0	162	0	0
813	796	56	65	0	0
814	797	13	65	0	0
815	798	0	65	0	0
816	799	13	65	0	0
817	800	135	59	0	0
818	801	18	163	0	0
819	802	0	61	0	0
820	803	18	67	0	0
821	804	21	39	0	0
822	805	0	9	0	0
823	806	0	9	0	0
824	807	0	61	0	0
825	808	32	164	0	0
826	809	0	51	0	0
827	810	8	26	0	0
828	811	0	16	0	0
829	812	0	51	0	0
830	813	0	141	0	0
831	814	27	32	0	0
832	815	8	34	0	0
833	816	18	32	0	0
834	817	0	141	0	0
835	818	41	39	0	0
836	819	41	21	0	0
837	820	41	6	0	0
838	821	37	9	0	0
839	822	8	165	0	0
840	823	0	51	0	0
841	824	18	5	0	0
842	825	8	166	0	0
843	826	20	6	0	0
844	827	6	147	0	0
845	828	37	6	0	0
846	829	136	6	0	0
847	830	18	9	0	0
848	831	137	118	0	0
849	832	0	51	0	0
850	833	27	46	0	0
851	834	27	51	0	0
852	835	18	117	0	0
853	836	0	5	0	0
854	837	11	167	0	0
855	838	138	119	0	0
856	839	32	53	0	0
857	840	139	168	0	0
858	841	140	168	0	0
859	842	8	33	0	0
860	843	32	53	0	0
861	844	44	5	10	0
862	845	41	21	0	0
863	846	18	28	0	0
864	847	8	165	0	0
865	848	141	169	0	0
866	849	0	51	0	0
867	850	0	170	0	0
868	851	0	5	0	0
869	852	8	50	0	0
870	853	21	9	0	0
871	854	0	6	0	0
872	855	7	77	0	0
873	856	37	9	0	0
874	857	111	27	0	0
875	858	21	43	0	0
876	859	25	6	0	0
877	860	0	98	0	0
878	861	27	32	0	0
879	862	0	28	0	0
880	863	0	16	0	0
881	864	0	171	0	0
882	865	0	5	0	0
883	866	59	172	0	0
884	867	18	5	0	0
885	868	47	173	0	0
886	869	0	171	0	0
887	870	27	89	0	0
888	871	0	57	0	0
889	872	142	27	0	0
890	873	55	39	0	0
891	874	0	16	0	0
892	875	21	84	0	0
893	874	0	16	0	0
894	876	47	174	0	0
895	877	0	84	0	0
896	878	0	5	0	0
897	879	41	57	0	0
898	880	0	65	0	0
899	881	0	62	0	0
900	882	41	5	0	0
901	883	0	59	0	0
902	788	132	160	27	4
903	788	132	160	27	4
904	884	47	39	0	0
905	885	18	65	0	0
906	788	132	160	27	4
907	886	25	39	0	0
908	887	18	43	0	0
909	888	0	6	0	0
910	889	47	84	0	0
911	890	47	84	0	0
912	891	0	43	0	0
913	892	47	39	0	0
914	893	27	76	0	0
915	894	117	39	0	0
916	895	143	175	28	0
917	896	144	176	29	0
918	897	0	32	0	0
919	898	0	32	0	0
920	899	47	39	0	0
921	900	18	98	0	0
922	901	0	42	0	0
923	902	0	177	0	0
924	903	0	177	0	0
925	904	0	84	0	0
926	905	47	89	0	0
927	906	0	177	0	0
928	907	25	33	0	0
929	908	44	162	0	0
930	909	26	178	0	0
931	910	27	42	0	0
932	911	27	9	0	0
933	912	0	84	0	0
934	913	124	54	0	0
935	914	16	93	30	0
936	915	145	6	0	0
937	916	78	16	0	0
938	917	47	39	0	0
939	918	146	39	0	0
940	533	147	39	0	0
941	919	47	84	0	0
942	920	18	32	0	0
943	921	0	6	0	0
944	922	37	6	0	0
945	923	0	32	31	0
946	924	0	87	0	0
947	925	47	84	0	0
948	926	0	84	0	0
949	927	0	42	0	0
950	928	42	16	0	0
951	929	21	59	0	0
952	930	16	24	32	0
953	931	47	39	0	0
954	932	0	32	0	0
955	933	148	179	0	0
956	934	21	32	0	0
957	935	47	39	0	0
958	934	21	32	0	0
959	936	7	6	0	0
960	937	47	84	0	0
961	246	44	73	0	0
962	938	18	0	0	0
963	939	47	89	0	0
964	940	0	21	0	0
965	941	0	180	0	0
966	942	0	43	0	0
967	943	47	39	0	0
968	944	149	39	0	0
969	945	18	65	0	0
970	946	47	136	0	0
971	947	150	39	0	0
972	948	0	61	0	0
973	949	27	43	0	0
974	950	47	84	0	0
975	951	18	84	0	0
976	952	21	59	0	0
977	953	47	84	0	0
978	954	151	43	0	0
979	955	6	15	0	0
980	956	152	53	0	0
981	957	153	181	0	0
982	958	41	70	0	0
983	959	154	39	0	0
984	960	0	182	0	0
985	961	0	28	0	0
986	962	0	28	0	0
987	963	8	50	0	0
988	964	13	28	0	0
989	965	1	86	2	0
990	966	0	182	0	0
991	967	27	21	33	5
992	968	47	39	0	0
993	969	75	183	0	0
994	970	0	43	0	0
995	971	0	16	0	0
996	972	0	16	0	0
997	973	27	39	0	0
998	974	13	16	0	0
999	975	0	57	0	0
1000	976	0	16	0	0
1001	977	0	57	0	0
1002	978	0	16	0	0
1003	979	0	5	0	0
1004	980	0	5	0	0
1005	981	8	34	0	0
1006	982	0	99	0	0
1007	983	0	28	0	0
1008	984	0	32	0	0
1009	985	8	9	0	0
1010	986	28	39	0	0
1011	984	155	32	0	0
1012	987	0	16	0	0
1013	788	132	160	27	4
1014	988	27	16	0	0
1015	989	8	34	0	0
1016	990	0	16	0	0
1017	991	20	61	0	0
1018	992	97	5	0	0
1019	993	156	39	0	0
1020	994	0	162	0	0
1021	995	20	184	0	0
1022	996	40	68	0	0
1023	997	40	68	0	0
1024	998	21	9	0	0
1025	999	18	67	0	0
1026	1000	100	89	0	0
1027	1001	0	51	0	0
1028	1002	67	185	34	0
1029	1003	0	6	0	0
1030	1004	0	62	0	0
1031	1005	13	5	0	0
1032	1006	0	62	0	0
1033	1007	0	6	0	0
1034	1008	0	57	0	0
1035	1009	0	5	0	0
1036	1010	157	61	0	0
1037	1011	18	32	0	0
1038	1012	17	186	0	0
1039	1013	0	6	0	0
1040	1014	97	5	0	0
1041	1015	13	57	0	0
1042	1016	0	0	0	0
1043	1017	84	1	0	0
1044	1018	0	89	0	0
1045	1019	18	67	0	0
1046	1020	18	5	0	0
1047	1021	27	187	0	0
1048	1022	158	20	0	0
1049	1023	7	16	0	0
1050	1024	0	188	0	0
1051	1025	0	189	0	0
1052	1026	18	108	0	0
1053	1027	18	43	0	0
1054	1028	42	57	0	0
1055	1029	41	62	0	0
1056	1029	41	62	0	0
1057	1030	159	159	0	0
1058	1031	8	165	0	0
1059	1032	0	5	0	0
1060	1033	0	5	0	0
1061	1034	18	16	0	0
1062	1035	0	21	0	0
1063	1036	0	62	0	0
1064	1037	44	5	0	0
1065	1038	41	5	0	0
1066	1039	0	21	0	0
1067	1040	68	39	0	0
1068	1041	6	57	0	0
1069	1042	0	190	0	0
1070	1043	25	6	0	0
1071	1044	18	5	0	0
1072	1045	0	134	0	0
1073	1046	19	95	35	0
1074	102	8	84	0	0
1075	1047	0	61	0	0
1076	1048	0	61	0	0
1077	1049	18	191	0	0
1078	1050	6	21	0	0
1079	1051	160	15	0	0
1080	1052	6	172	10	0
1081	1053	41	39	0	0
1082	1054	27	5	0	0
1083	1055	21	5	0	0
1084	1056	11	192	21	0
1085	1057	0	84	0	0
1086	1058	161	33	2	0
1087	1059	27	43	0	0
1088	1060	78	16	0	0
1089	1061	18	5	0	0
1090	1062	32	109	0	0
1091	1063	162	9	0	0
1092	1064	128	16	0	0
1093	1065	18	5	0	0
1094	1066	0	51	0	0
1095	1067	0	138	0	6
1096	1068	6	14	21	0
1097	1069	128	16	0	0
1098	1070	0	0	0	0
1099	1071	163	16	0	0
1100	1072	0	21	0	0
1101	1073	41	61	10	0
1102	1074	0	65	0	0
1103	1075	0	16	0	0
1104	1076	0	16	0	0
1105	1077	21	9	0	0
1106	1078	164	193	0	0
1107	1079	0	51	0	0
1108	1080	0	46	0	0
1109	1081	18	20	0	0
1110	1082	117	194	0	0
1111	1083	42	84	0	0
1112	1084	18	5	0	0
1113	1085	0	84	0	0
1114	1086	0	84	0	0
1115	1087	8	117	0	0
1116	1088	16	101	36	0
1117	1089	0	195	0	0
1118	1090	23	138	2	0
1119	1091	165	61	0	0
1120	1092	27	39	0	0
1121	1093	0	57	0	0
1122	1094	6	186	0	0
1123	1095	8	50	0	0
1124	1096	0	57	0	0
1125	1097	0	57	0	0
1126	1098	18	5	0	0
1127	1099	44	5	0	0
1128	1100	42	39	0	0
1129	1101	166	21	2	0
1130	1102	6	78	0	0
1131	1103	0	16	0	0
1132	1104	44	73	0	0
1133	1105	18	32	0	0
1134	1106	0	16	0	0
1135	1107	0	196	0	0
1136	1108	18	16	0	0
1137	1109	8	86	0	0
1138	1110	0	16	0	0
1139	1111	18	16	0	0
1140	1112	0	16	0	0
1141	1113	8	26	0	0
1142	1114	0	16	0	0
1143	1115	167	39	0	0
1144	1116	8	8	0	0
1145	1117	0	197	0	0
1146	1118	0	26	0	0
1147	1119	8	8	0	0
1148	1120	18	5	0	0
1149	1121	0	138	0	0
1150	1122	8	9	0	0
1151	1123	168	54	0	0
1152	1124	169	54	0	0
1153	1125	17	54	0	0
1154	1126	13	61	0	0
1155	1127	13	61	0	0
1156	1128	13	61	0	0
1157	1129	0	198	0	0
1158	1130	0	5	0	0
1159	1131	67	33	0	0
1160	1132	0	5	0	0
1161	1133	16	199	37	0
1162	1134	0	164	0	0
1163	1135	0	5	0	0
1164	1136	6	6	0	0
1165	1137	6	6	0	0
1166	1138	146	52	0	0
1167	1139	2	33	0	0
1168	1140	18	12	10	0
1169	1141	170	53	0	0
1170	1142	25	6	0	0
1171	1143	41	62	0	0
1172	1144	13	61	0	0
1173	1145	18	200	0	0
1174	1146	0	16	0	0
1175	1147	0	16	0	0
1176	1148	171	163	0	0
1177	1149	13	16	0	0
1178	1150	27	62	0	0
1179	1151	13	28	0	0
1180	1152	0	182	0	0
1181	1153	0	6	0	0
1182	1154	8	20	0	0
1183	1155	8	201	0	0
1184	1156	44	202	2	0
1185	1157	18	203	10	0
1186	1158	37	6	0	0
1187	1159	8	6	0	0
1188	1160	82	53	0	0
1189	1161	25	39	0	0
1190	1162	25	39	0	0
1191	1163	100	21	0	0
1192	1164	0	6	0	0
1193	1165	172	15	0	0
1194	1166	0	177	0	0
1195	1167	19	204	38	0
1196	1168	6	6	0	0
1197	1169	68	39	0	0
1198	1170	7	6	0	0
1199	1171	44	0	0	0
1200	1172	13	5	0	0
1201	1173	18	205	0	0
1202	1174	0	56	0	0
1203	1175	32	8	0	0
1204	1176	173	6	0	0
1205	1177	8	6	0	0
1206	1178	18	5	0	0
1207	1179	27	55	0	0
1208	1180	0	12	0	0
1209	1181	21	187	0	0
1210	1182	0	12	0	0
1211	1183	0	12	0	0
1212	1184	13	12	0	0
1213	1185	0	75	0	0
1214	1186	0	9	0	0
1215	1187	0	90	0	0
1216	1188	27	76	0	0
1217	1189	174	6	0	0
1218	1190	0	206	0	0
1219	1191	18	57	0	0
1220	1192	0	75	0	0
1221	1193	175	54	0	0
1222	1194	176	61	10	0
1223	1195	21	57	0	0
1224	1196	177	39	0	0
1225	1197	0	21	0	0
1226	1198	25	6	0	0
1227	1199	21	42	0	0
1228	1200	8	8	0	0
1229	1201	18	5	0	0
1230	1202	32	53	0	0
1231	1203	0	92	0	0
1232	1204	0	6	0	0
1233	1205	0	77	0	0
1234	1206	32	207	0	0
1235	1207	178	116	0	0
1236	1208	21	39	0	0
1237	1209	21	39	0	0
1238	1210	21	16	0	0
1239	1211	37	6	0	0
1240	1212	27	39	0	0
1241	1213	179	59	0	0
1242	1214	18	73	0	0
1243	1215	0	162	0	0
1244	1216	0	62	0	0
1245	1217	0	162	0	0
1246	1218	44	16	0	0
1247	1219	180	208	10	0
1248	1220	181	209	0	0
1249	1221	0	16	10	0
1250	1222	41	62	0	0
1251	1223	182	62	10	0
1252	1224	183	39	0	0
1253	1225	0	28	0	0
1254	1226	184	39	0	0
1255	1227	27	39	0	0
1256	1228	18	16	0	0
1257	1229	185	89	0	0
1258	1230	47	39	0	0
1259	1231	0	21	0	0
1260	1232	47	39	0	0
1261	1233	37	9	0	0
1262	1234	0	9	0	0
1263	1235	0	89	0	0
1264	1236	0	9	0	0
1265	1237	0	89	0	0
1266	1238	186	9	0	0
1267	1239	27	39	0	0
1268	1240	0	6	0	0
1269	1241	27	90	0	0
1270	1242	187	210	0	0
1271	1243	188	54	0	0
1272	1244	37	6	0	0
1273	1245	0	125	0	0
1274	1246	0	211	0	0
1275	1247	189	73	0	0
1276	1248	0	73	0	0
1277	1249	190	39	0	0
1278	1250	191	39	0	0
1279	1251	0	28	0	0
1280	1252	0	28	0	0
1281	1253	0	28	0	0
1282	1254	191	21	0	0
1283	1255	0	16	0	0
1284	784	2	212	0	0
1285	1256	109	39	0	0
1286	1257	0	51	0	0
1287	1258	0	16	0	0
1288	1259	13	28	0	0
1289	1260	21	0	0	0
1290	1261	0	26	0	0
1291	1262	0	20	0	0
1292	1263	86	208	0	0
1293	1264	27	39	0	0
1294	1265	19	68	0	0
1295	1266	27	89	0	0
1296	1267	18	67	0	0
1297	1268	191	92	0	0
1298	1229	21	89	0	0
1299	1269	192	5	0	0
1300	1270	193	213	0	0
1301	1160	82	43	0	0
1302	1271	0	0	0	0
1303	1272	2	214	0	0
1304	1273	0	6	0	0
1305	1274	194	39	0	0
1306	1275	0	43	0	0
1307	1276	195	84	0	0
1308	1277	6	215	0	0
1309	1278	7	59	0	0
1310	1279	191	51	0	0
1311	1280	0	5	0	0
1312	1281	18	151	0	0
1313	1282	0	32	0	0
1314	1283	0	32	0	0
1315	705	82	216	0	0
1316	1284	0	141	0	0
1317	1285	0	32	0	0
1318	1286	0	141	0	0
1319	1287	27	43	0	0
1320	1288	100	99	0	0
1321	1289	118	16	0	0
1322	1290	18	217	0	0
1323	1291	0	51	0	0
1324	1292	18	108	0	0
1325	1293	196	43	0	0
1326	1294	197	218	0	0
1327	1295	198	43	0	0
1328	1296	199	5	0	0
1329	1297	6	219	0	0
1330	1298	27	39	0	0
1331	1299	0	5	0	0
1332	1300	18	61	0	0
1333	1301	0	165	0	0
1334	1302	18	20	0	0
1335	1303	16	220	39	0
1336	1304	16	220	40	0
1337	1305	0	221	0	7
1338	1306	0	221	0	8
1339	1307	0	39	0	0
1340	1308	0	39	0	0
1341	1309	18	61	0	0
1342	1310	44	138	41	0
1343	1311	26	138	42	0
1344	1312	200	208	0	0
1345	1313	18	55	0	0
1346	1314	19	222	43	0
1347	1315	28	39	0	0
1348	1316	201	16	0	0
1349	1317	0	98	0	0
1350	1318	97	65	0	0
1351	1319	0	28	0	0
1352	1320	8	9	0	0
1353	1321	0	11	0	0
1354	686	21	9	0	0
1355	1322	67	6	0	0
1356	1323	6	223	0	0
1357	1324	191	21	0	0
1358	1325	202	39	0	0
1359	1326	17	147	0	0
1360	1327	0	84	0	0
1361	1328	13	28	0	0
1362	1329	0	92	0	0
1363	1330	44	224	2	0
1364	1331	203	47	0	0
1365	1332	0	28	0	0
1366	1333	0	28	0	0
1367	1334	0	28	0	0
1368	1335	41	137	0	9
1369	1336	18	5	0	0
1370	1337	0	51	0	0
1371	1338	6	39	0	0
1372	1339	0	51	0	0
1373	1340	18	98	0	0
1374	1340	0	28	0	0
1375	1341	0	28	0	0
1376	1342	40	225	0	0
1377	1343	0	65	0	0
1378	1344	13	9	0	0
1379	1345	0	9	0	0
1380	1346	0	226	0	0
1381	1347	13	9	0	0
1382	1348	0	6	0	0
1383	1349	191	21	0	0
1384	1350	0	92	0	0
1385	1351	191	26	0	0
1386	1352	6	225	0	0
1387	1353	41	6	0	0
1388	1354	18	5	0	0
1389	1355	7	56	0	0
1390	1356	18	5	0	0
1391	1357	0	56	0	0
1392	1358	44	5	0	0
1393	1359	204	5	0	0
1394	1360	0	9	0	0
1395	1361	205	6	0	0
1396	1362	20	6	0	0
1397	1363	0	120	0	0
1398	1364	0	49	0	0
1399	1365	13	57	0	0
1400	1366	21	227	0	0
1401	1367	27	43	0	0
1402	1368	41	57	0	0
1403	1369	0	6	0	0
1404	1370	0	84	0	0
1405	1371	41	228	0	0
1406	1372	41	70	0	0
1407	1373	191	8	0	0
1408	1374	0	187	0	0
1409	1375	8	8	0	0
1410	1376	0	61	0	0
1411	1377	27	57	0	0
1412	1378	0	109	0	0
1413	1379	7	9	0	0
1414	1380	13	89	0	0
1415	1381	0	89	0	0
1416	1382	25	61	0	0
1417	1383	206	61	10	0
1418	1384	13	16	0	0
1419	1385	44	73	0	0
1420	1386	0	16	0	0
1421	1387	0	33	0	0
1422	1388	0	117	0	0
1423	1389	207	172	0	0
1424	1390	19	229	44	0
1425	1391	0	16	0	0
1426	1392	0	86	0	0
1427	1393	0	6	0	0
1428	1394	2	230	0	0
1429	1395	208	29	0	0
1430	1396	0	9	0	0
1431	1397	0	43	0	0
1432	1398	6	231	0	0
1433	1399	0	43	0	0
1434	1400	168	232	0	0
1435	1401	0	62	0	0
1436	1402	209	233	0	0
1437	1403	0	5	0	0
1438	1404	0	5	0	0
1439	1405	18	5	0	0
1440	1406	0	5	0	0
1441	1407	0	5	0	0
1442	1408	27	39	0	0
1443	1409	0	5	0	0
1444	1410	118	61	0	0
1445	1411	4	24	45	0
1446	1412	118	138	0	0
1447	1413	174	6	0	0
1448	1414	118	138	0	0
1449	1415	119	169	0	0
1450	1416	8	165	0	0
1451	1417	118	34	0	0
1452	1418	23	138	0	0
1453	1419	23	61	0	0
1454	1420	210	39	0	0
1455	1421	168	234	0	0
1456	1422	211	61	0	0
1457	1423	27	57	0	0
1458	1424	118	61	0	0
1459	1425	0	33	0	0
1460	1426	0	57	0	0
1461	1427	212	61	0	0
1462	1428	118	138	0	0
1463	1429	17	175	0	0
1464	1430	213	64	0	0
1465	1431	21	89	0	0
1466	1432	118	164	0	0
1467	1433	27	90	0	0
1468	1434	27	235	0	0
1469	1435	191	21	0	0
1470	1436	27	43	0	0
1471	1437	8	60	0	0
1472	1438	191	11	0	0
1473	1439	19	68	0	0
1474	1440	0	61	0	0
1475	1441	118	65	0	0
1476	1442	40	68	0	0
1477	1443	40	68	0	0
1478	1444	26	101	46	0
1479	1445	105	236	0	0
1480	1446	214	237	47	0
1481	1447	105	39	0	0
1482	1448	37	43	0	0
1483	1449	118	138	0	0
1484	1450	105	39	0	0
1485	1451	0	5	0	0
1486	1452	0	5	0	0
1487	1453	0	8	0	0
1488	1454	18	238	0	0
1489	1455	0	5	0	0
1490	1456	105	21	0	0
1491	1457	0	16	0	0
1492	1458	0	20	0	0
1493	1459	16	220	48	0
1494	1460	0	239	0	0
1495	1461	0	89	0	0
1496	1462	0	6	0	0
1497	784	105	23	0	0
1498	1463	105	43	0	0
1499	1464	105	21	0	0
1500	1465	105	55	0	0
1501	1466	40	6	0	0
1502	1467	0	152	0	0
1503	1468	88	61	0	0
1504	1469	194	21	0	0
1505	1470	0	6	0	0
1506	1471	105	21	0	0
1507	1472	0	39	0	0
1508	1473	18	240	10	0
1509	1474	215	241	0	0
1510	1475	0	241	0	0
1511	1476	105	34	0	0
1512	1477	216	242	21	0
1513	1478	217	67	0	0
1514	1479	56	9	0	0
1515	1480	18	115	0	0
1516	1481	0	6	0	0
1517	1482	8	92	0	0
1518	1483	56	43	0	0
1519	1484	23	138	0	0
1520	1485	41	43	0	0
1521	1486	41	43	0	0
1522	1487	41	43	0	0
1523	1488	118	0	0	0
1524	1489	218	158	0	0
1525	1490	18	65	0	0
1526	1491	18	65	0	0
1527	1492	118	126	0	0
1528	1493	0	16	0	0
1529	1494	0	39	0	0
1530	1495	0	86	0	0
1531	1496	118	243	0	0
1532	1497	54	6	0	0
1533	1498	0	5	0	0
1534	1499	168	168	0	0
1535	1500	0	61	0	0
1536	1501	0	109	0	0
1537	1502	27	57	0	0
1538	1503	0	31	0	0
1539	1504	0	49	0	0
1540	1504	0	49	0	0
1541	1505	0	104	0	0
1542	1506	44	20	0	0
1543	1507	0	20	0	0
1544	1508	0	20	0	0
1545	1509	25	6	0	0
1546	1510	0	16	0	0
1547	981	105	16	0	0
1548	1511	219	61	0	0
1549	1512	220	16	0	0
1550	1513	191	39	0	0
1551	1514	0	53	0	0
1552	1515	221	61	0	0
1553	1516	18	62	0	0
1554	1517	105	43	0	0
1555	1518	37	77	0	0
1556	1519	0	6	0	0
1557	1520	0	46	0	0
1558	1521	13	46	0	0
1559	1522	0	244	0	0
1560	1523	222	0	0	0
1561	1524	0	9	0	0
1562	1525	0	28	0	0
1563	1526	105	5	0	0
1564	1527	18	5	0	0
1565	1528	118	245	0	0
1566	1529	223	34	0	0
1567	1530	7	77	0	0
1568	1531	0	5	0	0
1569	1532	16	246	49	0
1570	1533	0	51	0	0
1571	1534	18	247	0	0
1572	1535	224	84	0	0
1573	1536	0	16	0	0
1574	1537	118	117	0	0
1575	1538	18	73	0	0
1576	1539	105	34	0	0
1577	1540	0	56	0	0
1578	1541	27	5	0	0
1579	1542	0	136	0	0
1580	1543	90	138	0	0
1581	1544	225	5	0	0
1582	1545	0	248	0	0
1583	1546	226	9	0	0
1584	1547	0	5	0	0
1585	1548	0	89	0	0
1586	1549	0	43	0	0
1587	1550	0	57	0	0
1588	1551	91	27	0	0
1589	1552	18	20	0	0
1590	1553	118	53	0	0
1591	1554	27	235	0	0
1592	1555	118	43	0	0
1593	1556	7	6	0	0
1594	1557	18	28	0	0
1595	1558	118	156	0	0
1596	1559	0	62	0	0
1597	1558	0	249	0	0
1598	1560	0	28	0	0
1599	1045	105	31	0	0
1600	1561	0	28	0	0
1601	1562	13	28	0	0
1602	1563	16	93	50	0
1603	1564	18	0	0	0
1604	1565	21	9	0	0
1605	1566	0	28	0	0
1606	1567	21	9	0	0
1607	1568	27	9	0	0
1608	1569	17	250	0	0
1609	1570	0	9	0	0
1610	1571	0	3	0	0
1611	1572	16	93	51	0
1612	1573	191	251	0	0
1613	1574	227	93	52	0
1614	1575	0	5	0	0
1615	1576	118	138	0	0
1616	1577	0	5	0	0
1617	1578	0	12	0	0
1618	1579	0	28	0	0
1619	1580	0	134	0	0
1620	1581	0	6	0	0
1621	1582	27	39	0	0
1622	1583	21	39	0	0
1623	1584	7	90	0	0
1624	1585	228	39	0	0
1625	1586	191	214	0	0
1626	1587	18	252	10	0
1627	1588	0	62	0	0
1628	1589	44	93	2	0
1629	1590	229	172	0	0
1630	1591	0	28	0	0
1631	1592	18	55	0	0
1632	1593	0	162	0	0
1633	1594	0	253	0	0
1634	1595	21	39	0	0
1635	1596	44	28	0	0
1636	1597	118	239	0	0
1637	1598	230	28	0	0
1638	1599	23	138	0	0
1639	1600	0	77	0	0
1640	1601	27	116	0	0
1641	1602	0	120	0	0
1642	1603	0	120	0	0
1643	1604	194	21	0	0
1644	1605	118	55	0	0
1645	1606	0	254	0	0
1646	1607	27	51	0	0
1647	1608	0	51	0	0
1648	1609	13	57	0	0
1649	1610	0	16	0	0
1650	1611	0	57	0	0
1651	1612	105	84	0	0
1652	1613	191	8	0	0
1653	1614	44	57	0	0
1654	1615	21	16	0	0
1655	1616	0	255	0	0
1656	1617	0	256	0	0
1657	1618	21	16	0	0
1658	1616	118	23	0	0
1659	1619	0	16	0	0
1660	1616	105	216	0	0
1661	1620	18	16	0	0
1662	1621	231	67	0	0
1663	1622	99	143	0	0
1664	1623	41	9	0	0
1665	1624	18	20	0	0
1666	1625	0	51	0	0
1667	1626	18	5	0	0
1668	1627	118	257	0	0
1669	1628	41	258	0	0
1670	1629	18	259	0	0
1671	1630	232	59	10	0
1672	1631	105	39	0	0
1673	1632	0	6	0	0
1674	1633	40	68	0	0
1675	1634	21	28	0	0
1676	1635	0	157	0	0
1677	1636	0	84	0	0
1678	1637	0	157	0	0
1679	1638	18	157	0	0
1680	1639	0	104	0	0
1681	1640	21	59	0	0
1682	1641	0	190	0	0
1683	1642	16	24	53	0
1684	1643	0	69	0	0
1685	1644	0	214	0	0
1686	1645	0	55	0	0
1687	1646	0	5	0	0
1688	1647	0	5	0	0
1689	1648	105	55	0	0
1690	1649	118	55	0	0
1691	1650	0	126	0	0
1692	1651	233	73	10	0
1693	1652	18	55	0	0
1694	1653	118	260	0	0
1695	1654	105	126	0	0
1696	1655	27	55	0	0
1697	1656	0	65	0	0
1698	1657	18	5	0	0
1699	1658	41	65	0	0
1700	1659	234	39	0	0
1701	1660	44	261	21	0
1702	1661	0	6	0	0
1703	1662	0	89	0	0
1704	1663	0	9	0	0
1705	1664	0	89	0	0
1706	1665	0	57	0	0
1707	1666	0	57	0	0
1708	1667	0	39	0	0
1709	1668	0	86	0	0
1710	1669	0	117	0	0
1711	1670	0	6	0	0
1712	1671	0	62	0	0
1713	1672	105	8	0	0
1714	1673	0	9	0	0
1715	1674	0	0	0	0
1716	1675	18	134	0	0
1717	1676	0	62	0	0
1718	1677	27	43	0	0
1719	1678	7	6	0	0
1720	1679	118	9	0	0
1721	1680	235	6	0	0
1722	1681	0	99	0	0
1723	1682	236	262	0	0
1724	1683	0	9	0	0
1725	1684	105	43	0	0
1726	1685	237	39	0	0
1727	1686	37	9	0	0
1728	1687	21	9	0	0
1729	1688	7	43	0	0
1730	1689	118	6	0	0
1731	1690	0	263	0	0
1732	1691	20	137	54	0
1733	1692	105	156	0	0
1734	1693	67	194	0	0
1735	1694	27	5	0	0
1736	1695	0	5	0	0
1737	1696	0	264	0	0
1738	1697	0	5	0	0
1739	1698	0	5	0	0
1740	1699	13	5	0	0
1741	1700	0	5	0	0
1742	1701	13	5	0	0
1743	1702	18	177	0	0
1744	1703	0	249	0	0
1745	1704	27	39	0	0
1746	1705	0	5	0	0
1747	1706	13	5	0	0
1748	1707	27	5	0	0
1749	1708	0	98	0	0
1750	1709	0	156	0	0
1751	1710	41	5	0	0
1752	1643	118	265	0	0
1753	1711	18	16	0	0
1754	1712	0	43	0	0
1755	1713	118	156	0	0
1756	1714	41	9	0	0
1757	1715	0	5	0	0
1758	1716	238	5	0	0
1759	1717	27	57	0	0
1760	1718	18	108	0	0
1761	1719	0	5	0	0
1762	1720	27	39	0	0
1763	1721	64	39	0	0
1764	1722	21	39	0	0
1765	1723	239	21	0	0
1766	1724	18	5	0	0
1767	1725	0	5	0	0
1768	1726	18	67	0	0
1769	1727	0	5	0	0
1770	1728	0	5	0	0
1771	1729	113	154	0	0
1772	1730	18	57	0	0
1773	1731	0	46	0	0
1774	1732	21	39	0	0
1775	1733	2	266	10	0
1776	1734	6	6	0	0
1777	1735	0	43	0	0
1778	1736	0	5	0	0
1779	1737	240	39	0	0
1780	1738	191	92	0	0
1781	1739	118	89	0	0
1782	1740	18	5	0	0
1783	1741	18	5	0	0
1784	1742	0	89	0	0
1785	1743	118	31	0	0
1786	1227	105	39	0	0
1787	1744	0	62	0	0
1788	1745	13	62	0	0
1789	1746	0	62	0	0
1790	1747	0	162	0	0
1791	1748	0	162	0	0
1792	1749	241	39	0	0
1793	1750	6	3	0	0
1794	1751	242	172	0	0
1795	1752	0	6	0	0
1796	1753	37	6	0	0
1797	1754	0	180	0	0
1798	1755	0	180	0	0
1799	1756	0	46	0	0
1800	1757	0	189	0	0
1801	1758	0	5	0	0
1802	1759	13	189	0	0
1803	1760	0	5	0	0
1804	1761	0	67	0	0
1805	1762	0	6	0	0
1806	1763	0	189	0	0
1807	1764	41	189	0	0
1808	1765	18	61	0	0
1809	1766	0	6	0	0
1810	1767	0	16	0	0
1811	1768	18	16	0	0
1812	1769	0	5	0	0
1813	1770	18	57	0	0
1814	1771	0	16	0	0
1815	22	0	16	0	0
1816	1772	18	238	0	0
1817	1773	0	16	0	0
1818	1774	0	16	0	0
1819	1775	105	21	0	0
1820	1776	0	5	0	0
1821	1777	0	16	0	0
1822	1778	0	16	0	0
1823	1779	0	9	0	0
1824	1780	18	67	0	0
1825	1781	243	59	0	0
1826	1782	18	163	10	0
1827	1783	105	39	0	0
1828	1784	118	61	0	0
1829	1785	0	16	0	0
1830	1786	118	43	0	0
1831	1787	18	5	0	0
1832	1788	0	39	0	0
1833	869	27	57	0	0
1834	1789	7	90	0	0
1835	1790	0	6	0	0
1836	1791	105	134	0	0
1837	1792	175	6	0	0
1838	1793	18	57	0	0
1839	1794	0	57	0	0
1840	1795	0	57	0	0
1841	1248	0	73	0	0
1842	1248	0	73	0	0
1843	1796	13	57	0	0
1844	1797	0	117	0	0
1845	1798	0	26	0	0
1846	1799	0	43	0	0
1847	1800	13	157	0	0
1848	1801	0	157	0	0
1849	1802	0	157	0	0
1850	1803	0	157	0	0
1851	1804	27	84	0	0
1852	1805	118	5	0	0
1853	1806	0	23	0	0
1854	1807	0	267	0	0
1855	1808	118	138	0	0
1856	1809	244	5	0	0
1857	1810	0	177	0	0
1858	1811	0	0	0	0
1859	1812	0	0	0	0
1860	1813	0	116	0	0
1861	1814	13	116	0	0
1862	1815	0	9	0	0
1863	1816	118	5	0	0
1864	1817	0	5	0	0
1865	1818	0	161	0	0
1866	1819	0	28	0	0
1867	1820	105	5	0	0
1868	1821	0	87	0	0
1869	1822	118	57	0	0
1870	1823	18	20	0	0
1871	1824	0	39	0	0
1872	1825	245	61	0	0
1873	1826	8	8	0	0
1874	1827	2	86	0	0
1875	1828	64	105	0	0
1876	1829	42	28	0	0
1877	1830	0	28	0	0
1878	1831	246	39	0	0
1879	1832	0	5	0	0
1880	1833	7	28	0	0
1881	1834	0	6	0	0
1882	1835	18	159	0	0
1883	1836	13	28	0	0
1884	1837	0	92	0	0
1885	1838	0	28	0	0
1886	1839	0	67	0	0
1887	1840	0	33	0	0
1888	1841	16	268	55	0
1889	1842	0	53	0	0
1890	1843	118	164	0	0
1891	1761	105	69	0	0
1892	1844	18	20	0	0
1893	1845	105	84	0	0
1894	1846	0	57	0	0
1895	1847	27	84	0	0
1896	1848	0	57	0	0
1897	1849	27	84	0	0
1898	1850	18	16	0	0
1899	1851	18	62	0	0
1900	1852	247	5	0	0
1901	1853	27	51	0	0
1902	1854	0	5	0	0
1903	1855	0	90	0	0
1904	1856	0	86	0	0
1905	1857	118	243	0	0
1906	1858	0	89	0	0
1907	1859	105	43	0	0
1908	1860	0	89	0	0
1909	1861	191	39	0	0
1910	1862	0	5	0	0
1911	1863	0	5	0	0
1912	1864	18	5	0	0
1913	1865	0	5	0	0
1914	1866	13	5	0	0
1915	1867	0	57	0	0
1916	1868	118	57	0	0
1917	1869	78	16	0	0
1918	1870	223	40	0	0
1919	1871	0	116	0	0
1920	1872	13	116	0	0
1921	1873	13	28	0	0
1922	1874	0	28	0	0
1923	1875	0	6	0	0
1924	1876	0	5	0	0
1925	1877	0	5	0	0
1926	1878	13	5	0	0
1927	1879	0	5	0	0
1928	1880	13	5	0	0
1929	1881	0	6	0	0
1930	1882	0	6	0	0
1931	1883	18	65	0	0
1932	1884	0	6	0	0
1933	1885	19	269	56	0
1934	1886	27	5	0	0
1935	1887	191	39	0	0
1936	1888	0	5	0	0
1937	1889	0	51	0	0
1938	1890	105	21	0	0
1939	1891	0	65	0	0
1940	1892	0	56	0	0
1941	1893	41	65	0	0
1942	1894	118	270	0	0
1943	1895	129	82	0	0
1944	1896	13	61	0	0
1945	1144	13	61	0	0
1946	1897	0	61	0	0
1947	1898	129	68	0	0
1948	1899	42	39	0	0
1949	1900	0	51	0	0
1950	1901	0	86	0	0
1951	1902	42	57	0	0
1952	1903	27	57	0	0
1953	1904	0	84	0	0
1954	1905	105	5	0	0
1955	1906	0	16	0	0
1956	1907	118	117	0	0
1957	1908	0	57	0	0
1958	1909	13	57	0	0
1959	1910	0	57	0	0
1960	1911	2	92	0	0
1961	1912	0	16	0	0
1962	1913	13	61	0	0
1963	1460	118	239	0	0
1964	1914	13	57	0	0
1965	1915	13	57	0	0
1966	1916	44	42	0	0
1967	1917	0	271	0	0
1968	1918	18	57	0	0
1969	1919	18	32	0	0
1970	1920	13	272	0	0
1971	1921	248	6	0	0
1972	1922	248	6	0	0
1973	1923	105	84	0	0
1974	1924	249	61	0	0
1975	1925	25	61	10	0
1976	1926	105	53	0	0
1977	1927	41	6	0	0
1978	1928	105	84	0	0
1979	1929	105	21	0	0
1980	1930	0	56	0	0
1981	1931	0	84	0	0
1982	1932	0	56	0	0
1983	1933	0	92	0	0
1984	1934	41	6	0	0
1985	1935	0	6	0	0
1986	1936	7	6	0	0
1987	1937	0	92	0	0
1988	1938	27	5	0	0
1989	1939	250	6	0	0
1990	1940	248	6	0	0
1991	1941	0	6	0	0
1992	1942	18	5	0	0
1993	1943	0	6	0	0
1994	1944	0	59	0	0
1995	1945	13	61	0	0
1996	1946	0	59	0	0
1997	1947	18	5	0	0
1998	1948	0	6	0	0
1999	1949	0	92	0	0
2000	1950	13	0	0	0
2001	1951	0	39	0	0
2002	1952	42	39	0	0
2003	1953	42	39	0	0
2004	1954	42	39	0	0
2005	1955	42	39	0	0
2006	1956	18	84	0	0
2007	1957	42	39	0	0
2008	1958	251	39	0	0
2009	1959	0	39	0	0
2010	1960	42	39	0	0
2011	1961	42	39	0	0
2012	1962	0	70	0	0
2013	1963	0	59	0	0
2014	1964	0	6	0	0
2015	1965	18	89	0	0
2016	1966	0	70	0	0
2017	1967	42	70	0	0
2018	1968	0	42	0	0
2019	1969	42	39	0	0
2020	1970	78	70	0	0
2021	1971	105	117	0	0
2022	1972	13	9	0	0
2023	1973	0	39	0	0
2024	1974	0	42	0	0
2025	1975	0	42	0	0
2026	1976	0	9	0	0
2027	1977	0	57	0	0
2028	1978	252	39	0	0
2029	1979	0	43	0	0
2030	1980	42	43	0	0
2031	1981	0	189	0	0
2032	1982	13	180	0	0
2033	1983	41	51	0	0
2034	1984	105	57	0	0
2035	1985	191	39	0	0
2036	1986	0	16	0	0
2037	1987	105	39	0	0
2038	1988	191	39	0	0
2039	1989	0	273	0	0
2040	1990	18	61	0	0
2041	1991	0	16	0	0
2042	1992	13	189	0	0
2043	1993	118	16	0	0
2044	1994	190	39	0	0
2045	1995	253	54	0	0
2046	1996	0	16	0	0
2047	1997	0	34	0	0
2048	1998	0	20	0	0
2049	1999	118	20	0	0
2050	2000	0	5	0	0
2051	2001	6	262	0	0
2052	2002	105	20	0	0
2053	2003	254	39	0	0
2054	2004	118	117	0	0
2055	2005	27	39	0	0
2056	2006	255	208	0	0
2057	2007	21	39	0	0
2058	2008	21	28	0	0
2059	2009	0	208	0	0
2060	2010	0	73	0	0
2061	2011	26	274	57	0
2062	2012	6	242	9	0
2063	2013	256	39	0	0
2064	2014	194	275	0	0
2065	2015	0	5	0	0
2066	2016	0	5	0	0
2067	2017	191	43	0	0
2068	2018	0	16	0	0
2069	2019	257	0	0	0
2070	2020	118	16	0	0
2071	2021	0	43	0	0
2072	2022	27	43	0	0
2073	2023	0	92	0	0
2074	2024	118	61	0	0
2075	2025	27	59	0	0
2076	2026	258	0	0	0
2077	2027	0	43	0	0
2078	2028	0	43	0	0
2079	2029	0	5	0	0
2080	2030	118	57	0	0
2081	2031	0	9	0	0
2082	2032	0	9	0	0
2083	2033	0	89	0	0
2084	2034	0	9	0	0
2085	2035	0	84	0	0
2086	2036	21	43	0	0
2087	2037	0	43	0	0
2088	2038	0	5	0	0
2089	2039	27	39	0	0
2090	2040	42	39	0	0
2091	2041	37	57	0	0
2092	2042	37	89	0	0
2093	2043	259	51	0	0
2094	2044	0	51	0	0
2095	2045	27	57	0	0
2096	2046	27	39	0	0
2097	2047	0	69	0	0
2098	2048	18	5	0	0
2099	2049	13	120	0	0
2100	2050	0	5	0	0
2101	2051	118	51	0	0
2102	2052	0	6	0	0
2103	2053	37	6	0	0
2104	2054	27	39	0	0
2105	2055	118	61	0	0
2106	2056	27	39	0	0
2107	2057	0	61	0	0
2108	2058	27	39	0	0
2109	2059	18	61	0	0
2110	2060	0	61	0	0
2111	2061	27	39	0	0
2112	2062	64	39	0	0
2113	2063	21	84	0	0
2114	2064	0	6	0	0
2115	2065	27	84	0	0
2116	2066	0	59	0	0
2117	2067	0	61	0	0
2118	2068	54	6	0	0
2119	2069	191	39	0	0
2120	2070	18	159	0	0
2121	2071	0	61	0	0
2122	2072	0	56	0	0
2123	2073	260	0	0	0
2124	2074	27	9	0	0
2125	2075	261	68	0	0
2126	2076	191	21	0	0
2127	2077	0	55	0	0
2128	2078	191	92	0	0
2129	2079	0	55	0	0
2130	1176	2	33	0	0
2131	2080	0	16	0	0
2132	2081	262	16	10	0
2133	2082	0	67	0	0
2134	946	118	56	0	0
2135	2083	18	5	0	0
2136	2084	263	276	21	0
2137	2085	0	264	0	0
2138	2086	18	65	0	0
2139	2087	0	9	0	0
2140	2088	13	157	0	0
2141	2089	0	9	0	0
2142	2090	18	73	0	0
2143	2091	0	157	0	0
2144	2092	18	277	0	0
2145	2093	18	113	0	0
2146	2094	18	116	0	0
2147	2095	0	116	0	0
2148	2096	264	278	0	0
2149	2097	265	9	0	0
2150	2098	266	43	0	0
2151	2099	252	39	0	0
2152	534	191	21	0	0
2153	2100	252	225	0	0
2154	2101	105	134	0	0
2155	2102	0	9	0	0
2156	2103	0	62	0	0
2157	2104	223	65	0	0
2158	2105	17	279	58	0
2159	2106	0	89	0	0
2160	2107	0	6	0	0
2161	2108	0	99	0	0
2162	2109	37	89	0	0
2163	2110	27	89	0	0
2164	2111	267	89	0	0
2165	2112	27	89	0	0
2166	2113	16	93	59	0
2167	2114	268	208	0	0
2168	2115	252	280	0	0
2169	2116	269	39	0	0
2170	2117	18	57	0	0
2171	2118	0	161	0	0
2172	2119	0	0	0	0
2173	2120	0	84	0	0
2174	2121	13	61	0	0
2175	2122	0	57	0	0
2176	2123	68	39	0	0
2177	2124	118	109	0	0
2178	2125	0	65	0	0
2179	2126	25	6	0	0
2180	2127	0	65	0	0
2181	2128	0	264	0	0
2182	2129	21	235	0	0
2183	2130	13	65	0	0
2184	2131	44	65	0	0
2185	2132	0	264	0	0
2186	2133	13	46	0	0
2187	2134	0	6	0	0
2188	2135	37	6	0	0
2189	2136	0	31	0	0
2190	2137	0	67	0	0
2191	2138	105	67	0	0
2192	2136	118	31	0	0
2193	2139	0	67	0	0
2194	2140	0	6	0	0
2195	2141	0	6	0	0
2196	2142	0	6	0	0
2197	2143	0	46	0	0
2198	2144	0	32	0	0
2199	2145	0	6	0	0
2200	2146	41	57	0	0
2201	2147	0	57	0	0
2202	2148	18	281	0	0
2203	2149	0	32	0	0
2204	2150	270	16	0	0
2205	2151	13	9	0	0
2206	2152	0	9	0	0
2207	2153	271	73	0	0
2208	2154	0	32	0	0
2209	2155	37	90	0	0
2210	2156	27	90	0	0
2211	2157	0	90	0	0
2212	2158	41	61	0	0
2213	2159	0	9	0	0
2214	2160	105	84	0	0
2215	2161	27	8	0	0
2216	2162	0	84	0	0
2217	2163	237	39	0	0
2218	2164	27	39	0	0
2219	2165	0	84	0	0
2220	2166	0	8	0	0
2221	2167	0	84	0	0
2222	2168	118	156	0	0
2223	2169	0	6	0	0
2224	2170	0	6	0	0
2225	2171	18	57	0	0
2226	2172	272	20	0	0
2227	2173	91	6	0	0
2228	2174	273	163	0	0
2229	2175	274	282	0	0
2230	2176	27	57	0	0
2231	2177	275	93	60	0
2232	2178	105	39	0	0
2233	2179	21	57	0	0
2234	2180	105	39	0	0
2235	2181	6	6	0	0
2236	2182	0	57	0	0
2237	2183	276	61	0	0
2238	2184	0	57	0	0
2239	2185	0	5	0	0
2240	2186	105	5	0	0
2241	2187	118	5	0	0
2242	2188	18	5	0	0
2243	2189	13	61	0	0
2244	2190	90	61	0	0
2245	2191	125	52	0	0
2246	2192	90	61	0	0
2247	2193	0	5	0	0
2248	2194	252	137	21	0
2249	2195	105	21	0	0
2250	2196	62	6	0	0
2251	2197	105	84	0	0
2252	2198	277	6	0	0
2253	2199	0	8	0	0
2254	2200	40	68	0	0
2255	2201	0	5	0	0
2256	2202	40	68	0	0
2257	2203	27	283	0	0
2258	2204	105	39	0	0
2259	2205	105	39	0	0
2260	2206	27	187	0	0
2261	2207	191	39	0	0
2262	2208	18	9	0	0
2263	2209	44	73	0	0
2264	2210	191	156	0	0
2265	2211	18	5	0	0
2266	2212	0	5	0	0
2267	2213	118	5	0	0
2268	2214	278	57	0	0
2269	2215	0	16	0	0
2270	2216	0	42	0	0
2271	2217	4	24	61	0
2272	2218	279	39	0	0
2273	2219	280	39	0	0
2274	2220	105	5	0	0
2275	2221	0	16	0	0
2276	2222	0	16	0	0
2277	2223	13	34	0	0
2278	2224	281	39	0	0
2279	2225	0	43	0	0
2280	2226	237	21	0	0
2281	2227	0	84	0	0
2282	2228	17	54	0	0
2283	2229	282	39	0	0
2284	2230	41	6	0	0
2285	2231	0	0	0	0
2286	2232	191	21	0	0
2287	2233	25	61	0	0
2288	2234	105	9	0	0
2289	2235	0	84	0	0
2290	2236	44	57	0	0
2291	2237	6	284	21	0
2292	2238	239	39	0	0
2293	2239	283	15	0	0
2294	2240	0	84	0	0
2295	2241	25	6	0	0
2296	2242	0	84	0	0
2297	2243	0	28	0	0
2298	1639	37	9	0	0
2299	2244	0	6	0	0
2300	2245	0	57	0	0
2301	2246	0	89	0	0
2302	1229	0	89	0	0
2303	2247	0	20	0	0
2304	2248	0	9	0	0
2305	2249	105	26	0	0
2306	2250	0	5	0	0
2307	2251	16	24	62	0
2308	2252	0	57	0	0
2309	2253	0	43	0	0
2310	2254	202	137	2	0
2311	2255	13	116	0	0
2312	2255	0	116	0	0
2313	2256	0	116	0	0
2314	2257	7	285	0	0
2315	2258	0	59	0	0
2316	2259	0	57	0	0
2317	2260	4	93	63	0
2318	2261	0	57	0	0
2319	2262	78	39	0	0
2320	2263	223	57	0	0
2321	2264	279	39	0	0
2322	2265	105	109	0	0
2323	2266	0	92	0	0
2324	2267	0	0	0	0
2325	2268	105	187	0	0
2326	2267	0	0	0	0
2327	2269	105	92	0	0
2328	2270	0	191	0	0
2329	2271	105	21	0	0
2330	2272	191	39	0	0
2331	2273	0	16	0	0
2332	2274	105	16	0	0
2333	2275	0	6	0	0
2334	2276	78	39	0	0
2335	2277	0	241	0	0
2336	2278	6	286	0	0
2337	2279	284	57	0	0
2338	2280	0	97	0	0
2339	2281	13	97	0	0
2340	2282	0	92	0	0
2341	2283	105	126	0	0
2342	2284	18	55	0	0
2343	2285	0	21	0	0
2344	2286	285	3	0	0
2345	2287	286	61	0	0
2346	2288	18	43	0	0
2347	2289	168	262	0	0
2348	2290	18	5	0	0
2349	2291	0	6	0	0
2350	2292	78	16	0	0
2351	2293	282	287	0	0
2352	2294	0	20	0	0
2353	2295	0	0	0	0
2354	2296	118	0	0	0
2355	2297	6	6	0	0
2356	2298	282	172	0	0
2357	2299	40	6	0	0
2358	2300	0	288	0	0
2359	2301	0	0	0	0
2360	2302	90	61	0	0
2361	2303	90	61	0	0
2362	2304	129	289	0	0
2363	2305	0	32	0	0
2364	2306	0	28	0	0
2365	2307	129	61	0	0
2366	2308	0	57	0	0
2367	2309	105	31	0	0
2368	2310	0	62	0	0
2369	2311	42	39	0	0
2370	2312	0	164	0	0
2371	2313	118	126	0	0
2372	2314	0	87	0	0
2373	2315	118	136	0	0
2374	2316	118	61	0	0
2375	2317	18	43	0	0
2376	2318	26	93	64	0
2377	2319	4	93	65	0
2378	2320	0	51	0	0
2379	2321	118	61	0	0
2380	2322	0	6	0	0
2381	2323	0	5	0	0
2382	2324	0	84	0	0
2383	2325	91	88	0	0
2384	2326	0	84	0	0
2385	2327	13	84	0	0
2386	2328	168	61	0	0
2387	2329	0	39	0	0
2388	2330	42	39	0	0
2389	2331	0	16	0	0
2390	2332	0	283	0	0
2391	2333	18	65	0	0
2392	2334	25	61	0	0
2393	2335	191	21	0	0
2394	2336	287	20	0	0
2395	2337	0	6	0	0
2396	2338	288	5	0	0
2397	2339	21	84	0	0
2398	2340	0	84	0	0
2399	2341	0	84	0	0
2400	2342	0	5	0	0
2401	2343	13	5	0	0
2402	2344	194	290	0	0
2403	2345	56	57	0	0
2404	2346	41	57	0	0
2405	2347	6	291	2	0
2406	2348	18	16	0	0
2407	2349	118	61	0	0
2408	2350	23	61	0	0
2409	2351	25	86	0	0
2410	2352	289	186	0	0
2411	2353	0	5	0	0
2412	2354	0	6	0	0
2413	2355	18	5	0	0
2414	2356	40	68	21	0
2415	2357	18	57	0	0
2416	2358	16	24	66	0
2417	2359	18	65	0	0
2418	2360	0	9	0	0
2419	2361	18	0	0	0
2420	2362	105	21	0	0
2421	2363	40	15	0	0
2422	2364	18	61	0	0
2423	2365	13	61	0	0
2424	2366	13	61	0	0
2425	2367	0	157	0	0
2426	2368	118	96	0	0
2427	2369	129	292	0	0
2428	2370	0	5	0	0
2429	2370	0	5	0	0
2430	2371	290	9	0	0
2431	2372	97	9	0	0
2432	2373	0	32	0	0
2433	2374	0	55	0	0
2434	2375	194	39	0	0
2435	2376	291	39	0	0
2436	2377	0	61	0	0
2437	2378	0	57	0	0
2438	2379	0	43	0	0
2439	2380	88	138	21	0
2440	2381	0	51	0	0
2441	2382	0	84	0	0
2442	2383	0	20	0	0
2443	2384	118	20	0	0
2444	2385	0	62	0	0
2445	2386	78	21	0	0
2446	2387	78	21	0	0
2447	2388	90	61	0	0
2448	2389	0	5	0	0
2449	2390	105	43	0	0
2450	2391	78	21	0	0
2451	2392	78	21	0	0
2452	2393	78	39	0	0
2453	2394	78	21	0	0
2454	2395	194	39	0	0
2455	2396	78	21	0	0
2456	2397	129	68	0	0
2457	2398	78	21	0	0
2458	2399	78	21	0	0
2459	2400	292	21	0	0
2460	2401	41	6	0	0
2461	2402	0	51	10	0
2462	2403	18	115	0	0
2463	2404	0	67	0	0
2464	2405	293	61	0	0
2465	2406	194	39	0	0
2466	2407	26	293	67	0
2467	2408	294	39	0	0
2468	2409	37	59	0	0
2469	2410	118	57	0	0
2470	2411	0	6	0	0
2471	2412	0	6	0	0
2472	2413	25	61	0	0
2473	2414	18	0	0	0
2474	2415	13	61	0	0
2475	2416	0	208	0	0
2476	2417	0	57	0	0
2477	2418	191	32	0	0
2478	2419	295	84	10	0
2479	2420	27	55	0	0
2480	2421	0	55	0	0
2481	2422	0	55	0	0
2482	2423	0	67	0	0
2483	2424	0	57	10	0
2484	2425	105	84	0	0
2485	2426	118	98	0	0
2486	2427	0	98	0	0
2487	2428	0	84	0	0
2488	2429	0	84	0	0
2489	2430	118	67	0	0
2490	2431	41	99	0	0
2491	2432	296	290	0	0
2492	2433	297	54	0	0
2493	2434	97	65	10	0
2494	2435	118	0	0	0
2495	2436	0	9	0	0
2496	2437	0	0	0	0
2497	2438	18	9	0	0
2498	2439	18	5	0	0
2499	2440	21	42	0	0
2500	2441	0	0	0	0
2501	2442	0	42	0	0
2502	2443	0	42	0	0
2503	2444	0	39	0	0
2504	2445	13	61	0	0
2505	2446	298	61	10	0
2506	2447	41	5	10	0
2507	2448	18	5	0	0
2508	2449	105	16	0	0
2509	2450	90	61	0	0
2510	2451	0	16	0	0
2511	2452	118	156	0	0
2512	2453	18	108	0	0
2513	2454	252	294	0	0
2514	2455	118	55	0	0
2515	2456	0	295	0	0
2516	2457	296	225	0	0
2517	2458	16	111	68	0
2518	2459	0	296	0	0
2519	2460	118	16	0	0
2520	2461	0	16	0	0
2521	2462	0	16	0	0
2522	2463	191	21	0	0
2523	2464	118	0	0	0
2524	2465	0	6	0	0
2525	1711	118	16	0	0
2526	2466	13	65	0	0
2527	2467	299	297	0	0
2528	2468	0	6	0	0
2529	2469	0	55	0	0
2530	2470	18	16	0	0
2531	2471	300	5	0	0
2532	2472	301	51	0	0
2533	2473	0	98	0	0
2534	2474	118	67	0	0
2535	2475	0	16	0	0
2536	2476	44	157	0	0
2537	2477	118	61	0	0
2538	2478	0	0	0	0
2539	2479	21	84	0	0
2540	2480	6	118	0	0
2541	2481	90	28	0	0
2542	2482	0	12	0	0
2543	2483	18	32	0	0
2544	2484	18	28	0	0
2545	2485	18	55	0	0
2546	2486	25	39	0	0
2547	2487	0	5	0	0
2548	2488	0	65	0	0
2549	2489	0	84	0	0
2550	2490	0	62	0	0
2551	2491	0	39	0	0
2552	2492	0	61	0	0
2553	2493	302	89	0	0
2554	2494	41	9	0	0
2555	2495	0	6	0	0
2556	2496	118	89	0	0
2557	2497	78	21	0	0
2558	2498	194	39	0	0
2559	2499	303	120	0	0
2560	2500	78	21	0	0
2561	2501	78	21	0	0
2562	2502	0	57	0	0
2563	2503	44	16	0	0
2564	2504	292	21	9	0
2565	2505	191	21	0	0
2566	2506	78	21	0	0
2567	2507	191	298	0	0
2568	2508	118	55	0	0
2569	2509	118	55	0	0
2570	2510	0	5	0	0
2571	2511	0	55	0	0
2572	2512	191	21	0	0
2573	2513	41	33	0	0
2574	2514	0	6	0	0
2575	2515	0	6	0	0
2576	2516	0	117	0	0
2577	2517	0	5	0	0
2578	2518	0	5	0	0
2579	2519	304	5	0	0
2580	2520	118	5	0	0
2581	2521	0	20	0	0
2582	2522	7	77	0	0
2583	2523	305	5	0	0
2584	2524	174	6	0	0
2585	2525	168	68	0	0
2586	2526	18	57	0	0
2587	2527	0	16	0	0
2588	2528	0	134	0	0
2589	2529	0	59	0	0
2590	2530	13	51	0	0
2591	2531	0	51	0	0
2592	2532	20	299	0	0
2593	2533	0	57	0	0
2594	2534	0	6	0	0
2595	2535	21	39	0	0
2596	2536	0	20	0	0
2597	2537	2	33	0	0
2598	2538	0	5	0	0
2599	2539	0	46	0	0
2600	2540	129	68	0	0
2601	2541	18	16	0	0
2602	2542	0	84	0	0
2603	2543	18	5	0	0
2604	2544	0	300	0	0
2605	2545	0	9	0	0
2606	2546	18	9	0	0
2607	2547	27	57	0	0
2608	2548	0	61	0	0
2609	2549	18	55	0	0
2610	2550	0	5	0	0
2611	2551	0	6	0	0
2612	2552	0	5	0	0
2613	2553	306	39	0	0
2614	2554	0	62	0	0
2615	2555	0	9	0	0
2616	2556	18	73	0	0
2617	2557	191	39	0	0
2618	2558	174	6	0	0
2619	2559	0	9	0	0
2620	2560	0	61	0	0
2621	2561	25	61	0	0
2622	2562	25	61	0	0
2623	2563	0	42	0	0
2624	2564	307	20	0	0
2625	2565	21	9	0	0
2626	2566	40	138	0	10
2627	2567	0	99	0	0
2628	2568	18	62	0	0
2629	2569	18	20	0	0
2630	2570	0	32	0	0
2631	2571	0	32	0	0
2632	2572	118	138	0	0
2633	2573	0	32	0	0
2634	2574	308	84	0	0
2635	2575	309	84	0	0
2636	2576	0	43	0	0
2637	2577	310	84	0	0
2638	2578	0	84	0	0
2639	2579	0	84	0	0
2640	2580	0	32	0	0
2641	2581	18	57	0	0
2642	2582	0	59	0	0
2643	2583	41	6	0	0
2644	2549	118	55	0	0
2645	2584	0	84	0	0
2646	2585	0	59	0	0
2647	2586	18	108	0	0
2648	2587	0	9	0	0
2649	2588	118	57	0	0
2650	2589	223	57	0	0
2651	2590	0	51	0	0
2652	2591	0	46	0	0
2653	2592	118	57	0	0
2654	2593	0	51	0	0
2655	2594	118	57	0	0
2656	2595	0	43	0	0
2657	2596	18	65	0	0
2658	2597	311	168	0	0
2659	2598	105	11	0	0
2660	2599	0	16	0	0
2661	2600	0	65	0	0
2662	2601	0	84	0	0
2663	2602	0	46	0	0
2664	2603	0	57	0	0
2665	2604	312	172	0	0
2666	2605	0	57	0	0
2667	2606	44	5	0	0
2668	2607	0	5	0	0
2669	2608	0	5	0	0
2670	2609	17	54	0	0
2671	2610	0	65	0	0
2672	2611	16	93	69	0
2673	2612	0	76	0	0
2674	2613	313	76	0	0
2675	2614	314	43	0	0
2676	2615	6	21	21	0
2677	2616	0	32	0	0
2678	2617	0	65	0	0
2679	2618	0	84	0	0
2680	2619	0	65	0	0
2681	2620	0	40	70	11
2682	2621	13	84	0	0
2683	2622	0	9	0	0
2684	2623	13	5	0	0
2685	2624	27	32	0	0
2686	2625	0	32	0	0
2687	2626	0	9	0	0
2688	2627	21	59	0	0
2689	2628	0	51	0	0
2690	2629	0	51	0	0
2691	2630	0	6	0	0
2692	2631	1	61	0	0
2693	2632	0	62	0	0
2694	2633	0	264	0	0
2695	2634	0	301	0	0
2696	2635	0	46	0	0
2697	2636	105	32	0	0
2698	2637	90	61	0	0
2699	2638	13	61	0	0
2700	2639	0	89	0	0
2701	2640	118	62	0	0
2702	2641	251	119	71	0
2703	2642	105	39	0	0
2704	2643	0	39	0	0
2705	2644	315	39	0	0
2706	2645	1	153	21	0
2707	2646	129	68	0	0
2708	2647	0	39	0	0
2709	2648	316	39	0	0
2710	2649	0	77	0	0
2711	2650	118	5	0	0
2712	2651	105	39	0	0
2713	2652	317	172	0	0
2714	2653	118	5	0	0
2715	2654	0	28	0	0
2716	2655	0	5	0	0
2717	2656	0	5	0	0
2718	2657	21	39	0	0
2719	2658	41	5	0	0
2720	2659	0	62	0	0
2721	2660	318	15	0	0
2722	2661	319	172	0	0
2723	2662	164	172	0	0
2724	2663	320	172	0	0
2725	2664	0	5	0	0
2726	2665	25	39	0	0
2727	2666	25	39	0	0
2728	2667	292	21	0	0
2729	2668	26	93	72	0
2730	2669	118	302	0	0
2731	2670	26	93	73	0
2732	2671	6	303	0	0
2733	2672	146	52	0	0
2734	2673	0	62	0	0
2735	2674	78	21	0	0
2736	2675	78	21	0	0
2737	2676	321	39	0	0
2738	2677	6	39	0	0
2739	2678	322	16	0	0
2740	2679	18	304	0	0
2741	2680	42	39	0	0
2742	2681	25	21	0	0
2743	2682	41	16	0	0
2744	2683	0	57	0	0
2745	2684	41	6	0	0
2746	2685	0	43	0	0
2747	2686	214	6	0	0
2748	2687	0	89	0	0
2749	2688	0	89	0	0
2750	2689	18	5	0	0
2751	2690	0	32	0	0
2752	2691	13	157	0	0
2753	2692	2	305	0	0
2754	2693	42	39	0	0
2755	2694	42	39	0	0
2756	2695	118	57	0	0
2757	2696	0	56	0	0
2758	2697	0	89	0	0
2759	2698	0	57	0	0
2760	2699	18	73	0	0
2761	2700	323	306	0	0
2762	2701	223	307	21	0
2763	2702	324	6	0	0
2764	2703	18	283	0	0
2765	2704	37	9	0	0
2766	2705	252	308	2	0
2767	2706	35	54	0	0
2768	2707	21	39	0	0
2769	2708	42	39	0	0
2770	2709	325	39	0	0
2771	2710	0	89	0	0
2772	2711	0	84	0	0
2773	2712	0	9	0	0
2774	2713	26	93	74	0
2775	2714	13	61	0	0
2776	2715	20	138	0	12
2777	2716	0	6	0	0
2778	2717	0	51	0	0
2779	2718	20	138	0	13
2780	2719	326	32	0	0
2781	2720	191	39	0	0
2782	2721	18	309	10	0
2783	2722	191	39	0	0
2784	2723	41	6	0	0
2785	2724	0	84	0	0
2786	2725	0	28	0	0
2787	2726	0	28	0	0
2788	2727	0	182	0	0
2789	2728	13	28	0	0
2790	2729	42	182	0	0
2791	2730	13	28	0	0
2792	2731	7	43	0	0
2793	2732	20	6	0	0
2794	2733	327	15	0	0
2795	2734	191	39	0	0
2796	2735	20	61	0	0
2797	2736	26	93	75	0
2798	2737	6	250	0	0
2799	2738	0	6	0	0
2800	2739	44	73	0	0
2801	2740	118	99	0	0
2802	2741	105	21	0	0
2803	2742	105	21	0	0
2804	2743	0	61	0	0
2805	2744	0	51	0	0
2806	2745	40	310	21	0
2807	2746	0	39	0	0
2808	2747	13	61	0	0
2809	2748	328	39	0	0
2810	2749	6	279	58	0
2811	2750	329	61	10	0
2812	2751	0	5	0	0
2813	2752	0	5	0	0
2814	2753	0	32	0	0
2815	2754	27	57	0	0
2816	2755	16	93	76	0
2817	2756	0	141	0	0
2818	2757	42	141	0	0
2819	2758	191	9	0	0
2820	2759	0	141	0	0
2821	2760	330	15	0	0
2822	2761	0	57	0	0
2823	2762	0	20	0	0
2824	2763	78	21	0	0
2825	2764	78	21	0	0
2826	2765	78	21	0	0
2827	2766	0	49	0	0
2828	2767	0	62	0	0
2829	2768	78	21	0	0
2830	2769	0	57	0	0
2831	2770	78	21	0	0
2832	2771	331	39	0	0
2833	2772	0	9	0	0
2834	2773	21	39	0	0
2835	2774	18	5	0	0
2836	2775	18	5	0	0
2837	2776	7	77	0	0
2838	2777	118	138	10	0
2839	2778	18	5	0	0
2840	2779	41	0	0	0
2841	2780	27	39	0	0
2842	2781	90	61	0	0
2843	2782	64	39	0	0
2844	2783	27	39	0	0
2845	2784	0	59	0	0
2846	2785	191	39	0	0
2847	2786	37	9	0	0
2848	2787	0	5	0	0
2849	2788	0	5	0	0
2850	2789	0	5	0	0
2851	2790	118	5	0	0
2852	2791	263	178	10	0
2853	2792	332	21	77	14
2854	2793	78	21	0	0
2855	2794	0	241	0	0
2856	2795	18	5	0	0
2857	2796	18	5	0	0
2858	2797	18	62	0	0
2859	2798	118	311	0	0
2860	2799	47	312	0	0
2861	2800	41	57	0	0
2862	2801	333	84	0	0
2863	2802	334	5	0	0
2864	2803	0	5	0	0
2865	2804	335	5	0	0
2866	2805	6	313	2	0
2867	2806	0	59	0	0
2868	2807	0	59	0	0
2869	2808	118	61	0	0
2870	2809	7	57	0	0
2871	2810	336	5	0	0
2872	2811	0	90	0	0
2873	2812	6	250	0	0
2874	2813	0	90	0	0
2875	2814	41	5	0	0
2876	2815	16	24	78	0
2877	2816	13	62	0	0
2878	2817	16	24	79	0
2879	2818	18	5	0	0
2880	2819	18	5	0	0
2881	2820	40	78	0	0
2882	2821	67	314	80	15
2883	2822	0	77	0	0
2884	2823	118	5	0	0
2885	2824	0	59	0	0
2886	2825	118	16	0	0
2887	2826	0	9	0	0
2888	2827	0	6	0	0
2889	2828	337	39	0	0
2890	2829	0	28	0	0
2891	2830	0	6	0	0
2892	2831	0	98	0	0
2893	2832	21	39	0	0
2894	2833	191	39	0	0
2895	2834	21	39	0	0
2896	2835	118	57	0	0
2897	2836	37	81	0	0
2898	2837	18	5	0	0
2899	2838	0	84	0	0
2900	2839	18	16	0	0
2901	2840	1	315	0	0
2902	2841	0	5	0	0
2903	2842	338	84	0	0
2904	2843	0	62	0	0
2905	2844	0	5	0	0
2906	2845	18	5	0	0
2907	2846	0	16	0	0
2908	2847	0	65	0	0
2909	2848	339	43	0	0
2910	2849	0	5	0	0
2911	2850	23	61	0	0
2912	2851	0	5	0	0
2913	2852	21	59	0	0
2914	2853	0	46	0	0
2915	2854	118	20	0	0
2916	2855	0	20	0	0
2917	2856	0	67	0	0
2918	2857	18	53	0	0
2919	2858	118	138	0	0
2920	2859	0	67	0	0
2921	2860	41	120	0	0
2922	2861	0	16	0	0
2923	2862	25	6	0	0
2924	2863	340	316	0	0
2925	2864	25	6	0	0
2926	2865	0	16	0	0
2927	2866	0	317	0	0
2928	2867	8	55	0	0
2929	2868	0	16	0	0
2930	2869	0	317	0	0
2931	2870	118	55	0	0
2932	2871	78	39	0	0
2933	2872	37	6	0	0
2934	2873	54	6	0	0
2935	2874	37	0	0	0
2936	2875	0	283	0	0
2937	2876	42	28	0	0
2938	2877	0	28	0	0
2939	2878	21	39	0	0
2940	2879	0	43	0	0
2941	2880	1	137	0	0
2942	2881	21	257	0	0
2943	2882	13	61	0	0
2944	2883	37	89	0	0
2945	2884	37	51	0	0
2946	19	0	9	0	0
2947	2885	0	16	0	0
2948	2886	13	9	0	0
2949	2887	0	9	0	0
2950	2888	0	34	0	0
2951	2889	37	6	0	0
2952	2890	97	16	0	0
2953	2891	13	34	0	0
2954	2892	0	120	0	0
2955	2893	0	190	0	0
2956	2894	341	6	0	0
2957	2895	0	138	0	0
2958	2896	91	318	0	0
2959	2897	37	0	0	0
2960	2898	252	319	21	0
2961	2899	42	116	0	0
2962	2900	37	57	0	0
2963	2901	0	116	0	0
2964	2902	194	21	0	0
2965	2903	6	48	81	0
2966	2904	37	6	0	0
2967	2905	0	84	0	0
2968	2906	7	59	0	0
2969	2907	4	268	82	0
2970	2908	13	5	0	0
2971	2909	0	5	0	0
2972	2910	140	27	0	0
2973	2911	118	0	0	0
2974	2912	333	186	0	0
2975	2913	191	39	0	0
2976	2914	21	28	0	0
2977	2915	18	5	0	0
2978	2916	0	5	0	0
2979	2917	0	5	0	0
2980	2918	0	5	0	0
2981	2919	13	5	0	0
2982	2920	6	186	0	0
2983	2921	0	320	0	0
2984	2922	47	39	0	0
2985	2923	0	57	0	0
2986	2924	118	0	0	0
2987	2925	0	59	0	0
2988	2926	118	72	0	0
2989	2927	13	61	0	0
2990	2928	0	56	0	0
2991	2929	0	56	0	0
2992	2930	0	5	0	0
2993	2931	342	172	0	0
2994	2932	343	172	0	0
2995	2933	0	65	0	0
2996	2934	0	70	0	0
2997	2935	13	70	0	0
2998	2936	91	118	0	0
2999	2937	0	70	0	0
3000	2938	42	70	0	0
3001	2939	0	16	0	0
3002	2940	0	5	0	0
3003	2941	118	16	0	0
3004	2942	6	175	0	0
3005	2943	18	34	21	0
3006	2944	13	28	0	0
3007	2945	0	182	0	0
3008	2946	0	57	0	0
3009	2947	0	57	0	0
3010	2948	0	57	0	0
3011	2949	0	57	0	0
3012	2950	44	5	0	0
3013	2951	0	321	0	0
3014	2952	0	5	0	0
3015	2953	118	5	0	0
3016	2954	0	43	0	0
3017	2955	0	5	0	0
3018	2956	0	43	0	0
3019	2957	0	5	0	0
3020	2958	0	28	0	0
3021	2959	44	28	0	0
3022	2960	0	51	0	0
3023	2961	0	5	0	0
3024	2962	118	61	0	0
3025	2963	13	28	0	0
3026	2964	37	9	0	0
3027	2965	118	5	0	0
3028	2966	0	43	0	0
3029	2967	118	5	0	0
3030	2968	41	5	0	0
3031	2969	0	5	0	0
3032	2970	37	5	0	0
3033	2971	6	153	2	0
3034	2972	0	5	0	0
3035	2973	0	16	0	0
3036	2974	344	39	0	0
3037	2975	0	6	0	0
3038	2976	0	32	0	0
3039	2977	118	32	0	0
3040	2978	0	61	0	0
3041	2979	0	9	0	0
3042	2980	0	9	0	0
3043	2981	0	9	0	0
3044	2982	0	6	0	0
3045	2983	18	5	0	0
3046	2984	345	168	0	0
3047	2985	21	39	0	0
3048	2986	346	168	0	0
3049	2987	0	6	0	0
3050	2988	13	57	0	0
3051	2989	0	57	0	0
3052	2990	0	57	0	0
3053	2991	21	39	0	0
3054	2992	0	9	0	0
3055	2993	13	57	0	0
3056	2994	0	264	0	0
3057	2995	0	264	0	0
3058	2996	0	301	0	0
3059	2997	0	20	0	0
3060	2998	18	32	0	0
3061	2999	0	51	0	0
3062	3000	0	6	0	0
3063	3001	0	6	0	0
3064	3002	44	57	0	0
3065	2026	258	0	0	0
3066	3003	0	42	0	0
3067	3004	78	21	0	0
3068	3005	0	16	0	0
3069	3006	0	59	0	0
3070	3007	0	116	0	0
3071	3008	0	28	0	0
3072	3009	21	59	0	0
3073	3010	0	28	0	0
3074	3011	0	9	0	0
3075	3012	0	55	0	0
3076	3013	0	61	0	0
3077	3014	0	16	0	0
3078	3015	347	55	0	0
3079	3016	348	43	0	0
3080	3017	0	43	0	0
3081	3018	0	43	0	0
3082	3019	16	58	83	0
3083	3020	41	61	0	0
3084	3021	349	15	0	0
3085	3022	0	20	0	0
3086	3023	249	208	0	0
3087	3024	0	43	0	0
3088	3025	194	43	0	0
3089	3026	0	57	0	0
3090	3027	118	57	0	0
3091	3028	13	157	0	0
3092	3029	0	157	0	0
3093	3030	0	157	0	0
3094	3031	0	157	0	0
3095	3032	350	16	0	0
3096	3033	351	61	0	0
3097	3034	0	98	0	0
3098	3035	352	54	0	0
3099	3036	0	5	0	0
3100	3037	13	5	0	0
3101	3038	118	99	0	0
3102	3039	0	0	0	0
3103	3040	13	157	0	0
3104	3041	0	157	0	0
3105	3042	0	16	0	0
3106	3043	0	157	0	0
3107	3044	0	16	0	0
3108	3045	0	16	0	0
3109	3046	13	5	0	0
3110	3047	21	43	0	0
3111	3048	0	43	0	0
3112	3049	353	43	0	0
3113	3050	0	0	0	0
3114	3051	256	137	0	0
3115	3052	0	32	0	0
3116	3053	0	5	0	0
3117	3054	292	21	0	0
3118	3055	21	39	0	0
3119	3056	118	56	0	0
3120	3057	0	56	0	0
3121	3058	354	39	0	0
3122	3059	78	21	0	0
3123	3060	0	84	0	0
3124	3061	0	84	0	0
3125	3062	78	21	0	0
3126	3063	355	43	0	0
3127	3064	0	84	0	0
3128	3065	356	172	0	0
3129	3066	0	16	0	0
3130	3067	18	9	0	0
3131	3068	0	43	0	0
3132	3069	13	16	0	0
3133	3070	18	9	0	0
3134	3071	18	5	0	0
3135	3072	357	84	0	0
3136	3073	0	16	0	0
3137	3074	37	5	0	0
3138	3075	44	24	21	0
3139	3076	0	16	0	0
3140	3077	41	6	0	0
3141	3078	84	21	0	0
3142	3079	0	84	0	0
3143	3080	75	322	0	0
3144	3081	0	5	0	0
3145	3082	6	323	9	0
3146	3083	0	5	0	0
3147	3084	6	324	2	0
3148	3085	37	98	0	0
3149	3086	358	5	0	0
3150	3087	0	56	0	0
3151	3088	13	57	0	0
3152	3089	13	57	0	0
3153	3090	0	5	0	0
3154	3091	0	84	0	0
3155	3092	0	5	0	0
3156	3093	0	39	0	0
3157	3094	359	16	0	0
3158	3095	0	325	0	0
3159	3096	360	39	0	0
3160	3097	0	16	0	0
3161	3098	105	39	0	0
3162	3099	105	39	0	0
3163	3100	88	61	0	0
3164	3101	105	21	0	0
3165	1239	27	39	0	0
3166	3102	7	59	0	0
3167	3103	7	59	0	0
3168	3104	21	39	0	0
3169	3105	13	57	0	0
3170	3106	118	57	0	0
3171	3107	105	57	0	0
3172	3108	0	92	0	0
3173	3109	0	49	0	0
3174	3110	129	15	0	0
3175	3111	105	16	0	0
3176	3112	361	89	0	0
3177	3113	362	39	0	0
3178	3114	0	16	0	0
3179	3115	27	39	0	0
3180	3116	118	16	0	0
3181	3117	27	39	0	0
3182	3118	99	39	0	0
3183	3119	27	39	0	0
3184	3120	27	39	0	0
3185	3121	13	57	0	0
3186	3122	129	15	0	0
3187	3123	0	57	0	0
3188	3124	88	61	0	0
3189	3125	88	61	0	0
3190	3126	7	90	0	0
3191	3127	0	43	0	0
3192	3128	21	39	0	0
3193	3129	41	39	0	0
3194	3130	0	43	0	0
3195	3131	0	16	0	0
3196	3132	21	39	0	0
3197	3133	363	10	0	0
3198	3134	0	57	0	0
3199	3135	0	187	0	0
3200	3136	0	57	0	0
3201	3137	0	57	0	0
3202	3138	0	43	0	0
3203	3139	0	57	0	0
3204	3140	0	12	0	0
3205	3141	0	65	0	0
3206	3142	13	65	0	0
3207	3143	44	65	0	0
3208	3144	0	6	0	0
3209	3145	364	15	0	0
3210	3146	194	88	0	0
3211	3147	0	43	0	0
3212	3148	27	43	0	0
3213	3149	6	15	0	0
3214	3150	365	15	0	0
3215	3151	194	84	0	0
3216	3152	0	16	0	0
3217	3153	21	39	0	0
3218	3154	129	68	0	0
3219	3155	0	33	0	0
3220	3156	40	68	0	0
3221	3157	41	46	0	0
3222	3158	90	61	0	0
3223	3159	168	68	0	0
3224	3160	366	275	0	0
3225	3161	40	326	0	0
3226	3162	0	32	0	0
3227	3163	333	137	0	0
3228	3164	366	89	0	0
3229	3165	0	51	0	0
3230	3166	0	59	0	0
3231	3167	0	57	0	0
3232	3167	0	57	0	0
3233	3168	18	61	0	0
3234	3169	0	5	0	0
3235	3170	0	5	0	0
3236	3171	0	39	0	0
3237	3172	13	65	0	0
3238	3173	0	65	0	0
3239	3174	137	93	21	0
3240	3175	0	209	10	0
3241	3176	367	233	0	0
3242	3177	13	233	0	0
3243	3178	18	55	0	0
3244	3179	0	16	0	0
3245	3180	368	233	0	0
3246	3181	44	16	0	0
3247	3182	18	61	0	0
3248	3183	0	46	0	0
3249	3184	0	90	0	0
3250	3185	37	55	0	0
3251	3186	0	62	0	0
3252	3187	13	51	0	0
3253	3188	18	5	0	0
3254	3189	0	6	0	0
3255	3190	0	90	0	0
3256	3191	0	9	0	0
3257	3192	13	65	0	0
3258	3193	0	6	0	0
3259	3194	0	65	0	0
3260	3195	219	61	0	0
3261	3196	7	9	0	0
3262	3197	19	82	84	0
3263	3198	13	138	0	16
3264	3199	88	61	0	0
3265	3200	0	5	0	0
3266	3201	6	57	0	0
3267	3202	0	89	0	0
3268	3203	13	57	0	0
3269	3204	13	57	0	0
3270	3205	27	57	0	0
3271	3206	27	57	0	0
3272	3207	27	39	0	0
3273	3208	369	39	0	0
3274	3209	7	6	0	0
3275	3210	0	57	0	0
3276	3211	0	61	0	0
3277	3212	40	68	0	0
3278	3213	0	5	0	0
3279	3214	68	39	0	0
3280	3215	21	39	0	0
3281	3216	7	6	0	0
3282	3217	194	39	0	0
3283	3218	7	6	0	0
3284	3219	7	6	0	0
3285	3220	0	5	0	0
3286	3221	0	5	0	0
3287	3222	7	6	0	0
3288	3223	13	5	0	0
3289	3224	0	16	0	0
3290	3225	44	5	0	0
3291	3226	25	39	0	0
3292	3227	13	16	0	0
3293	3228	0	65	0	0
3294	3229	370	6	0	0
3295	3230	59	103	0	0
3296	3231	371	9	0	0
3297	3232	0	5	0	0
3298	3233	21	39	0	0
3299	3234	18	62	0	0
3300	3235	0	5	0	0
3301	3236	0	32	0	0
3302	3237	42	39	0	0
3303	3225	7	5	0	0
3304	3238	41	39	0	0
3305	3239	239	39	0	0
3306	3240	105	39	0	0
3307	3241	27	39	0	0
3308	3242	0	6	0	0
3309	3243	7	6	0	0
3310	3244	7	6	0	0
3311	3245	0	6	0	0
3312	3246	7	6	0	0
3313	3247	0	62	0	0
3314	3248	18	16	0	0
3315	3249	0	84	0	0
3316	3235	0	5	0	0
3317	3250	0	33	0	0
3318	3251	0	89	0	0
3319	3225	0	5	0	0
3320	3252	0	6	0	0
3321	3253	21	39	0	0
3322	3254	0	89	0	0
3323	3255	0	84	0	0
3324	3256	7	6	0	0
3325	3257	40	103	10	0
3326	3258	0	6	0	0
3327	3259	0	6	0	0
3328	3260	0	16	0	0
3329	3261	372	168	0	0
3330	3262	0	5	0	0
3331	3263	0	6	0	0
3332	3264	0	327	0	0
3333	3265	21	227	0	0
3334	3266	214	61	0	0
3335	3267	0	51	0	0
3336	3268	0	6	0	0
3337	3269	0	89	0	0
3338	3270	190	39	0	0
3339	3271	0	6	0	0
3340	3272	0	5	0	0
3341	3273	373	39	0	0
3342	3274	0	57	0	0
3343	3275	41	61	0	0
3344	3276	4	93	85	0
3345	3277	0	57	0	0
3346	3278	0	61	0	0
3347	3279	0	5	0	0
3348	3280	0	61	0	0
3349	3281	0	98	0	0
3350	3282	0	9	0	0
3351	3283	13	138	0	0
3352	3284	0	57	0	0
3353	3285	0	5	0	0
3354	3286	0	0	0	0
3355	3287	0	5	0	0
3356	3288	0	59	0	0
3357	3289	0	61	0	0
3358	3290	0	62	0	0
3359	3291	18	65	0	0
3360	3292	118	5	0	0
3361	3293	18	73	0	0
3362	3294	25	61	10	0
3363	335	25	61	10	0
3364	3295	44	62	0	0
3365	3296	18	57	0	0
3366	3297	0	57	0	0
3367	3254	0	89	0	0
3368	3298	25	61	0	0
3369	3299	18	73	0	0
3370	3300	21	84	0	0
3371	3301	0	84	0	0
3372	3302	0	84	0	0
3373	3303	0	5	0	0
3374	3304	0	61	0	0
3375	3305	0	61	0	0
3376	3306	0	5	0	0
3377	3307	18	73	0	0
3378	3308	0	57	0	0
3379	3309	0	61	0	0
3380	3310	0	6	0	0
3381	3311	0	283	0	0
3382	3312	0	61	0	0
3383	3313	6	61	0	0
3384	3314	0	61	0	0
3385	3315	18	5	0	0
3386	3316	0	5	0	0
3387	3317	365	61	0	0
3388	3318	214	54	0	0
3389	3319	17	61	0	0
3390	3320	0	62	0	0
3391	3321	6	61	0	0
3392	3322	374	61	0	0
3393	3323	20	138	21	0
3394	3324	1	61	0	0
3395	3325	118	16	0	0
3396	3326	25	61	0	0
3397	3327	0	61	0	0
3398	3328	0	61	0	0
3399	3329	0	311	0	0
3400	3330	41	61	0	0
3401	3331	0	6	0	0
3402	3332	18	5	0	0
3403	3333	1	138	0	0
3404	3334	44	73	0	0
3405	3335	0	5	0	0
3406	3336	44	5	0	0
3407	3337	41	5	0	0
3408	3338	375	61	0	0
3409	3339	0	328	0	0
3410	3340	0	89	0	0
3411	3285	18	5	0	0
3412	3341	41	6	0	0
3413	3342	0	61	0	0
3414	3343	0	42	0	0
3415	3344	0	42	0	0
3416	3345	0	62	0	0
3417	3346	27	42	0	0
3418	3347	105	39	0	0
3419	3348	21	39	0	0
3420	3349	0	6	0	0
3421	3350	0	16	0	0
3422	3351	18	20	0	0
3423	3352	56	61	0	0
3424	3353	376	61	0	0
3425	3354	100	84	0	0
3426	3355	18	5	0	0
3427	3356	0	6	0	0
3428	3357	90	61	0	0
3429	3358	0	6	0	0
3430	3359	377	62	0	0
3431	3360	0	28	0	0
3432	3361	18	62	0	0
3433	3362	0	28	0	0
3434	3363	27	98	0	0
3435	3364	0	6	0	0
3436	3365	37	59	0	0
3437	3366	0	6	0	0
3438	3367	42	39	0	0
3439	3368	21	39	0	0
3440	3369	27	120	0	0
3441	3370	0	39	0	0
3442	3371	18	5	0	0
3443	3372	0	39	0	0
3444	3373	0	39	0	0
3445	3374	0	43	0	0
3446	3375	0	39	0	0
3447	3376	0	329	10	0
3448	3377	18	67	0	0
3449	3378	18	157	0	0
3450	998	378	9	0	0
3451	3379	0	62	0	0
3452	3380	379	39	0	0
3453	3381	27	57	0	0
3454	3382	0	39	0	0
3455	3383	41	39	0	0
3456	3384	380	51	0	0
3457	3385	0	39	0	0
3458	3386	0	39	0	0
3459	3387	0	39	0	0
3460	3388	41	6	0	0
3461	3389	0	9	0	0
3462	3390	0	32	0	0
3463	3391	0	116	0	0
3464	3392	0	57	0	0
3465	3393	381	6	0	0
3466	3390	0	32	0	0
3467	3394	0	32	0	0
3468	3394	382	32	0	0
3469	3395	0	57	0	0
3470	3396	0	39	0	0
3471	3397	0	43	0	0
3472	3398	0	32	0	0
3473	3399	0	39	0	0
3474	3400	0	141	0	0
3475	3401	0	142	0	0
3476	3402	0	5	0	0
3477	3403	41	6	0	0
3478	3404	0	57	0	0
3479	3405	90	61	0	0
3480	3406	42	16	0	0
3481	3407	42	39	0	0
3482	3408	0	51	0	0
3483	3409	0	6	0	0
3484	3410	7	330	0	0
3485	3411	0	51	0	0
3486	3412	0	46	0	0
3487	3413	0	235	0	0
3488	3414	0	235	0	0
3489	3415	0	59	0	0
3490	3416	78	21	0	0
3491	3417	78	21	0	0
3492	3418	78	21	0	0
3493	3419	0	61	0	0
3494	3420	18	5	0	0
3495	3421	0	331	0	0
3496	3422	42	39	0	0
3497	3423	18	73	0	0
3498	3424	0	89	0	0
3499	3425	18	57	0	0
3500	3426	18	332	0	17
3501	3427	18	332	0	18
3502	3428	239	39	0	0
3503	3429	16	93	86	0
3504	3430	41	43	0	0
3505	3431	0	89	0	0
3506	3432	42	39	0	0
3507	3433	42	39	0	0
3508	3434	42	39	0	0
3509	3435	383	84	0	0
3510	3436	37	84	0	0
3511	3437	59	39	0	0
3512	3438	0	57	0	0
3513	3439	118	57	0	0
3514	3440	27	39	0	0
3515	3441	41	16	0	0
3516	3442	6	39	0	0
3517	3443	0	89	0	0
3518	3444	0	57	0	0
3519	3445	18	73	0	0
3520	3446	6	333	87	0
3521	3447	84	250	0	0
3522	3448	384	201	0	0
3523	3449	0	32	0	0
3524	3450	21	39	0	0
3525	3451	0	32	0	0
3526	3452	0	32	0	0
3527	3453	18	5	0	0
3528	3454	0	241	0	0
3529	3455	385	84	0	0
3530	3456	18	5	0	0
3531	3457	0	57	0	0
3532	3458	0	9	0	0
3533	3459	25	6	0	0
3534	3460	18	5	0	0
3535	3461	0	334	0	0
3536	3462	0	5	0	0
3537	3463	42	39	0	0
3538	3464	6	39	0	0
3539	3465	0	51	0	0
3540	3466	8	9	0	0
3541	3467	386	39	0	0
3542	3468	214	15	0	0
3543	3469	387	15	0	0
3544	3470	18	5	0	0
3545	3471	13	57	0	0
3546	3472	0	5	0	0
3547	3473	37	6	0	0
3548	3474	78	70	0	0
3549	3475	18	20	0	0
3550	3476	0	81	0	0
3551	3477	88	61	0	0
3552	3478	0	16	0	0
3553	3479	88	61	0	0
3554	3480	88	61	0	0
3555	3481	90	61	0	0
3556	3482	105	187	0	0
3557	3483	194	43	0	0
3558	3484	0	84	0	0
3559	3485	0	208	10	0
3560	3486	41	116	0	0
3561	3487	0	57	0	0
3562	3488	41	57	0	0
3563	3489	0	57	0	0
3564	3490	13	157	0	0
3565	3491	0	157	0	0
3566	3492	0	89	0	0
3567	3493	388	84	0	0
3568	3494	128	16	0	0
3569	3495	128	16	0	0
3570	3496	21	39	0	0
3571	3497	0	67	0	0
3572	3498	18	5	0	0
3573	3499	0	9	0	0
3574	3500	41	65	0	0
3575	3501	18	65	0	0
3576	3502	18	157	0	0
3577	3503	21	43	0	0
3578	3504	21	39	0	0
3579	3505	0	84	0	0
3580	3506	0	20	0	0
3581	3507	21	39	0	0
3582	3508	0	84	0	0
3583	3509	16	24	88	0
3584	3510	16	95	89	0
3585	3511	0	99	0	0
3586	3512	0	0	0	0
3587	3513	78	70	0	0
3588	3514	78	70	0	0
3589	3515	0	102	0	0
3590	3516	18	108	0	0
3591	3517	41	57	0	0
3592	3518	6	15	0	0
3593	3519	0	0	0	0
3594	3520	13	170	0	0
3595	3521	0	16	0	0
3596	3522	0	56	0	0
3597	3523	0	9	0	0
3598	3524	0	56	0	0
3599	3525	0	9	0	0
3600	3526	18	57	0	0
3601	3527	21	39	0	0
3602	3528	27	39	0	0
3603	3529	0	39	0	0
3604	3530	40	68	0	0
3605	3531	6	61	0	0
3606	3532	0	32	0	0
3607	3533	0	189	0	0
3608	3534	389	62	0	0
3609	3535	78	21	0	0
3610	3536	16	93	90	0
3611	3537	0	5	0	0
3612	3538	0	43	0	0
3613	3539	41	335	0	0
3614	3540	0	89	0	0
3615	3541	0	43	0	0
3616	3542	0	12	0	0
3617	3543	37	46	0	0
3618	3544	54	6	0	0
3619	3545	18	9	0	0
3620	3546	0	84	0	0
3621	3547	0	84	0	0
3622	3548	0	65	0	0
3623	3549	0	84	0	0
3624	3550	2	138	0	0
3625	3551	0	9	0	0
3626	3552	6	54	0	0
3627	3553	0	84	0	0
3628	3554	6	290	0	0
3629	3555	27	39	0	0
3630	3556	18	336	0	0
3631	3557	0	77	0	0
3632	3558	41	28	0	0
3633	3559	0	55	0	0
3634	3560	37	55	0	0
3635	3561	0	5	0	0
3636	3562	0	5	0	0
3637	3563	105	55	0	0
3638	3564	0	9	0	0
3639	3565	251	39	0	0
3640	3566	390	84	0	0
3641	3567	16	101	91	0
3642	3568	18	163	0	0
3643	3569	391	84	0	0
3644	3570	13	84	0	0
3645	3571	251	39	0	0
3646	3572	42	39	0	0
3647	3573	18	9	0	0
3648	3574	392	186	0	0
3649	3575	393	337	0	0
3650	3576	42	317	0	0
3651	3577	0	39	0	0
3652	3578	0	43	0	0
3653	3579	175	6	0	0
3654	3580	0	84	0	0
3655	3581	18	32	0	0
3656	3582	18	247	0	0
3657	3583	18	5	0	0
3658	3584	6	338	0	0
3659	3585	56	138	0	19
3660	3586	0	61	0	0
3661	3587	394	5	0	0
3662	3588	0	6	0	0
3663	3589	0	6	0	0
3664	3590	0	16	0	0
3665	3591	0	51	0	0
3666	3592	0	98	0	0
3667	3593	112	339	2	0
3668	3594	18	32	0	0
3669	3595	6	6	0	0
3670	3596	18	32	0	0
3671	3597	237	39	0	0
3672	3598	25	6	0	0
3673	3599	395	32	0	0
3674	3600	20	123	0	0
3675	3601	0	16	0	0
3676	3602	19	204	92	0
3677	3603	396	59	0	0
3678	3604	0	6	0	0
3679	3605	0	59	0	0
3680	3606	0	340	0	0
3681	3607	0	6	0	0
3682	3608	27	39	0	0
3683	3609	0	9	0	0
3684	3610	27	39	0	0
3685	3611	0	241	0	0
3686	3612	27	39	0	0
3687	3058	27	39	0	0
3688	3613	397	39	0	0
3689	3614	0	6	0	0
3690	3615	27	39	0	0
3691	3616	398	61	0	0
3692	3617	0	61	0	0
3693	1171	0	0	0	0
3694	3618	399	61	0	0
3695	3619	0	61	0	0
3696	3620	4	95	93	0
3697	3621	0	61	0	0
3698	3622	21	39	0	0
3699	3623	59	341	0	0
3700	3624	18	57	0	0
3701	3625	0	189	0	0
3702	3626	0	90	0	0
3703	3627	64	342	0	0
3704	3628	0	283	0	0
3705	3629	0	57	0	0
3706	3630	366	343	0	0
3707	3631	400	43	0	0
3708	3632	401	20	0	0
3709	3633	21	120	0	0
3710	3634	0	0	0	0
3711	3635	0	16	0	0
3712	3636	0	32	0	0
3713	3637	21	39	0	0
3714	3638	0	189	0	0
3715	3639	0	32	0	0
3716	3640	402	39	0	0
3717	3641	21	39	0	0
3718	3642	13	57	0	0
3719	3643	21	39	0	0
3720	3644	0	32	0	0
3721	3645	25	6	0	0
3722	3646	25	6	0	0
3723	3647	403	39	0	0
3724	3648	37	0	0	0
3725	3649	0	9	0	0
3726	3650	0	43	0	0
3727	3651	0	43	0	0
3728	3652	0	43	0	0
3729	3653	18	116	0	0
3730	3654	40	61	0	0
3731	3655	44	109	0	0
3732	3656	0	65	0	0
3733	3657	0	65	0	0
3734	3658	37	6	0	0
3735	3659	0	6	0	0
3736	3660	21	39	0	0
3737	3661	27	57	0	0
3738	3662	404	9	0	0
3739	3663	37	6	0	0
3740	3664	0	84	0	0
3741	3665	88	61	0	0
3742	3666	27	16	0	0
3743	3667	0	57	0	0
3744	3668	0	9	0	0
3745	3669	0	6	0	0
3746	3670	18	6	0	0
3747	3671	0	51	0	0
3748	3672	405	6	0	0
3749	3673	0	16	0	0
3750	3674	0	55	0	0
3751	3675	406	39	0	0
3752	3676	0	16	0	0
3753	3677	0	51	0	0
3754	3678	0	16	0	0
3755	3679	0	16	0	0
3756	3680	13	5	0	0
3757	3681	0	5	0	0
3758	3682	44	6	0	0
3759	3683	0	6	0	0
3760	3684	6	88	0	0
3761	674	21	9	0	0
3762	3685	0	43	0	0
3763	3686	18	43	0	0
3764	3687	0	43	0	0
3765	3688	21	9	0	0
3766	3689	21	84	0	0
3767	3690	0	43	0	0
3768	3691	0	16	0	0
3769	3692	18	57	0	0
3770	3693	0	16	0	0
3771	3694	0	34	0	0
3772	3695	7	84	0	0
3773	3696	0	16	0	0
3774	3697	0	84	0	0
3775	3698	41	84	0	0
3776	3699	25	61	0	0
3777	3700	18	344	0	0
3778	3701	0	16	0	0
3779	3702	6	61	0	0
3780	3703	0	16	0	0
3781	3704	90	61	0	0
3782	3705	0	62	0	0
3783	3706	0	62	0	0
3784	3707	125	345	0	0
3785	3708	0	62	0	0
3786	3709	78	70	0	0
3787	3710	18	5	0	0
3788	3711	27	57	0	0
3789	3712	26	101	94	0
3790	3713	407	346	21	0
3791	3714	21	49	0	0
3792	3715	0	285	0	0
3793	3716	37	49	0	0
3794	3717	21	39	0	0
3795	3718	21	39	0	0
3796	3719	408	61	0	0
3797	3720	0	6	0	0
3798	3721	409	65	0	0
3799	3722	27	43	0	0
3800	3723	18	5	0	0
3801	3724	16	101	95	0
3802	3725	41	192	0	0
3803	3726	4	93	96	0
3804	3727	21	89	0	0
3805	3728	13	57	0	0
3806	3729	44	5	0	0
3807	3730	0	57	0	0
3808	3731	256	138	21	0
3809	3732	0	65	0	0
3810	3733	0	84	0	0
3811	3734	0	120	0	0
3812	3735	0	84	0	0
3813	3736	0	9	0	0
3814	3737	0	28	0	0
3815	3738	0	99	0	0
3816	3739	118	99	0	0
3817	3740	0	28	0	0
3818	3741	18	5	0	0
3819	3742	27	59	0	0
3820	3743	0	157	0	0
3821	3744	27	28	0	0
3822	3745	0	5	0	0
3823	3746	0	5	0	0
3824	3747	410	89	0	0
3825	3748	18	5	0	0
3826	3749	27	235	0	0
3827	3750	18	99	0	0
3828	3751	18	99	0	0
3829	3752	411	5	0	0
3830	3753	411	5	0	0
3831	3754	129	15	0	0
3832	3755	18	65	0	0
3833	3756	0	65	0	0
3834	3757	0	65	0	0
3835	3758	26	159	0	0
3836	3759	7	6	0	0
3837	3760	4	220	97	0
3838	3761	2	347	0	0
3839	3762	412	58	98	0
3840	3763	100	89	0	0
3841	3764	0	5	0	0
3842	3765	413	61	0	0
3843	3766	59	3	0	0
3844	3767	25	6	0	0
3845	3768	4	111	99	0
3846	3769	251	39	0	0
3847	3770	18	73	10	0
3848	3771	0	65	0	0
3849	3772	414	5	0	0
3850	3773	0	51	0	0
3851	3774	0	61	0	0
3852	3775	18	5	0	0
3853	3776	0	6	0	0
3854	3777	0	61	0	0
3855	3778	7	77	0	0
3856	3779	296	348	2	0
3857	3780	0	28	0	0
3858	3781	415	39	0	0
3859	3782	21	39	0	0
3860	3783	21	39	0	0
3861	3784	21	39	0	0
3862	3785	191	9	0	0
3863	3786	100	89	0	0
3864	3787	0	39	0	0
3865	3788	416	172	0	0
3866	3789	27	57	0	0
3867	3790	0	57	0	0
3868	3791	18	9	0	0
3869	3792	0	98	0	0
3870	3793	7	5	0	0
3871	3794	0	56	0	0
3872	3795	175	6	0	0
3873	3796	0	6	0	0
3874	3797	161	6	0	0
3875	3798	0	98	0	0
3876	3799	161	6	0	0
3877	3800	417	6	0	0
3878	3801	0	6	0	0
3879	3802	418	79	0	0
3880	3803	161	6	0	0
3881	3804	419	0	0	0
3882	3805	37	89	0	0
3883	3806	420	89	0	0
3884	3807	44	57	0	0
3885	3808	0	46	0	0
3886	3809	0	9	0	0
3887	3810	421	9	0	0
3888	3811	18	115	0	0
3889	3812	27	39	0	0
3890	3813	37	6	0	0
3891	3814	0	43	0	0
3892	3815	37	43	0	0
3893	3816	0	77	0	0
3894	3817	0	84	0	0
3895	3818	0	152	0	0
3896	3819	7	97	0	0
3897	3820	0	62	0	0
3898	3821	0	62	0	0
3899	3822	0	9	0	0
3900	3823	7	98	0	0
3901	3824	6	138	21	0
3902	3780	18	28	0	0
3903	3825	59	39	0	0
3904	3826	422	6	0	0
3905	3827	423	6	0	0
3906	3828	7	6	0	0
3907	3829	424	6	0	0
3908	3830	0	56	0	0
3909	3831	0	16	0	0
3910	3832	27	39	0	0
3911	3833	44	73	0	0
3912	3834	0	73	0	0
3913	3835	425	84	0	0
3914	3836	13	73	0	0
3915	3837	18	73	0	0
3916	3838	426	20	0	0
3917	3839	427	5	0	0
3918	3840	7	57	0	0
3919	3841	0	5	0	0
3920	3842	0	5	0	0
3921	3843	428	172	0	0
3922	3844	78	16	0	0
3923	3845	0	9	0	0
3924	3846	429	39	0	0
3925	3847	252	39	0	0
3926	3848	279	39	0	0
3927	3849	430	68	0	0
3928	3850	40	82	0	0
3929	3851	84	39	0	0
3930	3852	27	39	0	0
3931	3853	44	82	2	0
3932	3854	0	5	0	0
3933	3855	7	57	0	0
3934	3856	0	43	0	0
3935	3857	0	59	0	0
3936	3858	27	43	0	0
3937	3859	44	62	0	0
3938	3860	0	62	0	0
3939	3861	0	5	0	0
3940	3862	152	43	0	0
3941	3863	0	39	0	0
3942	3864	0	39	0	0
3943	3865	42	39	0	0
3944	3866	0	46	0	0
3945	3867	251	39	0	0
3946	3868	251	39	0	0
3947	3869	251	39	0	0
3948	3870	0	39	0	0
3949	3871	0	39	0	0
3950	3872	42	39	0	0
3951	3873	0	39	0	0
3952	3874	251	39	0	0
3953	3875	6	6	0	0
3954	3876	0	39	0	0
3955	3877	18	349	0	0
3956	3878	431	350	0	0
3957	3879	27	28	0	0
3958	3880	7	6	0	0
3959	3881	0	28	0	0
3960	3882	0	28	0	0
3961	3883	0	84	0	0
3962	3884	0	28	0	0
3963	3885	18	5	0	0
3964	3886	0	61	0	0
3965	3887	0	6	0	0
3966	3888	7	28	0	0
3967	3889	0	28	0	0
3968	3890	0	28	0	0
3969	3891	0	5	0	0
3970	3892	0	5	0	0
3971	3893	27	5	0	0
3972	3894	0	59	0	0
3973	3895	0	59	0	0
3974	3896	117	21	0	0
3975	3897	432	351	0	0
3976	3898	433	15	0	0
3977	3899	0	6	0	0
3978	3900	434	15	0	0
3979	3901	0	6	0	0
3980	3902	435	15	0	0
3981	3903	0	6	0	0
3982	3904	67	6	0	0
3983	3905	20	6	0	0
3984	3906	21	84	0	0
3985	3907	0	59	0	0
3986	3908	0	39	0	0
3987	3909	436	168	0	0
3988	3910	175	168	0	0
3989	3911	0	87	0	0
3990	3912	41	6	0	0
3991	3913	437	6	0	0
3992	3914	7	90	0	0
3993	3915	8	6	0	0
3994	3916	7	28	0	0
3995	3917	0	61	0	0
3996	3918	399	61	0	0
3997	2173	438	6	0	0
3998	3919	0	6	0	0
3999	3920	0	6	0	0
4000	3921	0	327	0	0
4001	3922	439	20	0	0
4002	3923	440	352	0	0
4003	3924	41	62	0	0
4004	3311	18	283	0	0
4005	3925	0	57	0	0
4006	3926	1	294	0	0
4007	3927	0	9	0	0
4008	3928	40	68	0	0
4009	3929	18	57	0	0
4010	3930	375	54	0	0
4011	3931	0	84	10	0
4012	3932	0	49	0	0
4013	3933	0	49	0	0
4014	3934	18	57	0	0
4015	3935	18	5	0	0
4016	3936	175	54	0	0
4017	3937	27	21	0	0
4018	3938	21	39	0	0
4019	3939	27	120	0	0
4020	3940	25	6	0	0
4021	3941	91	54	0	0
4022	3942	0	6	0	0
4023	3943	18	141	0	0
4024	3944	35	54	0	0
4025	3945	441	54	0	0
4026	3946	0	39	0	0
4027	3947	7	57	0	0
4028	3948	84	54	0	0
4029	3949	21	39	0	0
4030	3950	175	27	0	0
4031	3951	216	153	21	0
4032	3952	0	9	0	0
4033	3953	37	62	0	0
4034	3954	18	62	0	0
4035	3955	27	81	0	0
4036	3956	27	39	0	0
4037	3957	13	51	0	0
4038	3958	21	39	0	0
4039	3959	0	51	0	0
4040	3960	0	49	0	0
4041	3961	0	57	0	0
4042	3962	191	9	0	0
4043	3963	365	6	0	0
4044	3964	7	87	0	0
4045	3965	0	116	0	0
4046	3966	0	87	0	0
4047	3967	0	90	0	0
4048	3968	0	57	0	0
4049	3254	7	89	0	0
4050	3969	0	5	0	0
4051	3970	18	5	0	0
4052	3971	0	57	0	0
4053	3972	248	353	2	0
4054	3973	18	5	0	0
4055	3974	0	56	0	0
4056	3975	0	77	0	0
4057	3976	84	225	0	0
4058	3977	442	354	0	0
4059	3978	0	5	0	0
4060	3979	0	5	0	0
4061	3980	0	89	0	0
4062	3981	0	5	0	0
4063	3982	13	28	0	0
4064	3983	0	28	0	0
4065	3984	21	57	0	0
4066	3985	0	57	0	0
4067	3986	27	5	0	0
4068	3987	41	39	0	0
4069	3988	18	5	0	0
4070	3989	41	57	0	0
4071	3990	0	6	0	0
4072	3991	20	355	100	0
4073	3992	6	6	0	0
4074	3993	21	39	0	0
4075	3994	21	39	0	0
4076	3995	443	356	0	0
4077	3996	16	93	101	0
4078	3997	18	5	0	0
4079	3998	444	62	0	0
4080	3999	0	62	0	0
4081	4000	0	43	0	0
4082	4001	6	310	21	0
4083	4002	6	355	0	0
4084	4003	18	5	0	0
4085	4004	18	357	0	0
4086	4005	21	39	0	0
4087	4006	0	57	0	0
4088	4007	445	61	0	0
4089	4008	0	59	0	0
4090	4009	0	5	0	0
4091	4010	0	5	0	0
4092	4011	0	5	0	0
4093	4012	0	189	0	0
4094	4013	18	16	0	0
4095	4014	0	16	0	0
4096	4015	18	5	0	0
4097	4016	446	172	0	0
4098	4017	0	57	0	0
4099	4018	0	57	0	0
4100	4019	40	358	21	0
4101	4020	27	39	0	0
4102	4021	27	39	0	0
4103	4022	175	359	10	0
4104	4023	27	39	0	0
4105	4024	0	39	0	0
4106	4025	42	39	0	0
4107	4026	42	39	0	0
4108	4027	42	39	0	0
4109	4028	18	65	0	0
4110	4029	42	39	0	0
4111	4030	27	99	0	0
4112	4031	21	120	0	0
4113	4032	0	9	0	0
4114	4033	0	39	0	0
4115	4034	0	115	0	0
4116	4035	0	0	0	0
4117	4036	221	15	0	0
4118	4037	37	0	0	0
4119	4038	0	62	0	0
4120	4039	1	360	0	0
4121	4040	0	16	0	0
4122	4041	41	116	0	0
4123	4042	0	177	0	0
4124	4043	0	62	0	0
4125	4043	41	62	0	0
4126	4044	0	16	0	0
4127	4045	27	16	0	0
4128	4046	7	28	0	0
4129	4047	0	28	0	0
4130	4048	7	28	0	0
4131	4049	0	61	0	0
4132	4050	27	39	0	0
4133	4051	18	361	10	0
4134	4052	0	116	0	0
4135	4053	37	9	0	0
4136	4054	16	24	102	0
4137	4055	37	9	0	0
4138	4056	282	172	0	0
4139	4057	16	95	103	0
4140	4058	0	5	0	0
4141	4059	63	88	0	0
4142	4060	365	362	0	0
4143	4061	18	61	0	0
4144	4062	6	362	0	0
4145	4063	21	187	0	0
4146	4064	13	28	0	0
4147	4065	27	39	0	0
4148	4066	0	16	0	0
4149	4067	0	57	0	0
4150	4068	0	56	0	0
4151	4069	0	42	0	0
4152	4070	42	51	0	0
4153	4071	0	28	0	0
4154	4072	0	42	0	0
4155	4073	0	5	0	0
4156	4074	18	9	0	0
4157	4075	0	99	0	0
4158	4076	21	99	0	0
4159	4077	0	39	0	0
4160	4078	16	101	104	0
4161	4079	0	5	0	0
4162	4080	13	171	0	0
4163	4081	0	99	0	0
4164	4082	18	99	0	0
4165	4083	18	5	0	0
4166	4084	0	5	0	0
4167	4085	0	171	0	0
4168	4086	0	5	0	0
4169	4087	6	61	0	0
4170	4088	44	9	0	0
4171	4089	18	5	0	0
4172	4090	27	39	0	0
4173	4091	0	43	0	0
4174	4092	447	15	0	0
4175	4093	90	61	0	0
4176	4094	4	24	105	0
4177	4095	0	141	0	0
4178	4096	4	93	106	0
4179	4097	13	28	0	0
4180	4098	84	290	0	0
4181	4099	0	28	0	0
4182	4100	42	28	0	0
4183	4101	0	28	0	0
4184	4102	448	250	0	0
4185	4103	0	61	0	0
4186	4104	0	61	0	0
4187	4105	0	84	0	0
4188	4106	449	68	0	0
4189	4107	18	5	0	0
4190	4108	25	33	0	0
4191	4109	20	33	0	0
4192	4110	0	28	0	0
4193	4111	0	39	0	0
4194	4112	0	16	0	0
4195	4113	0	43	0	0
4196	4114	13	65	0	0
4197	4115	0	65	0	0
4198	4116	0	363	0	0
4199	4117	6	61	0	0
4200	4118	365	61	0	0
4201	335	25	61	10	0
4202	4119	112	61	0	0
4203	4120	6	364	0	0
4204	4121	0	5	0	0
4205	4122	0	84	0	0
4206	4123	450	84	0	0
4207	4124	451	46	0	0
4208	4125	27	84	0	0
4209	4126	27	84	0	0
4210	4127	18	365	0	0
4211	4128	452	51	0	0
4212	4129	0	57	0	0
4213	4130	0	57	0	0
4214	4131	16	93	107	0
4215	4132	27	84	0	0
4216	4133	453	61	0	0
4217	4134	0	61	0	0
4218	4135	0	157	0	0
4219	4136	0	61	0	0
4220	4137	18	5	0	0
4221	4138	6	27	0	0
4222	4139	0	61	0	0
4223	4140	0	51	0	0
4224	4141	0	9	0	0
4225	4142	454	68	0	0
4226	4143	88	61	0	0
4227	4144	0	5	0	0
4228	4145	279	39	0	0
4229	4146	0	5	0	0
4230	4147	252	39	0	0
4231	4148	6	21	0	0
4232	4149	25	61	0	0
4233	4150	412	1	108	0
4234	4151	18	5	0	0
4235	4152	0	5	0	0
4236	4153	18	5	0	0
4237	4154	13	116	0	0
4238	4155	18	5	0	0
4239	4156	18	159	0	0
4240	4157	0	116	0	0
4241	4158	18	5	0	0
4242	4159	0	6	0	0
4243	4160	0	39	0	0
4244	4161	0	39	0	0
4245	4162	21	43	0	0
4246	4163	67	6	0	0
4247	4164	7	6	0	0
4248	4165	0	39	0	0
4249	4166	18	5	0	0
4250	4167	16	93	109	0
4251	4168	21	84	0	0
4252	4169	68	39	0	0
4253	4170	455	39	0	0
4254	4171	239	39	0	0
4255	4172	0	84	0	0
4256	4173	37	55	0	0
4257	4174	412	101	110	0
4258	4175	456	123	0	0
4259	4176	282	21	0	0
4260	4177	252	21	0	0
4261	4178	0	6	0	0
4262	4179	0	84	0	0
4263	4180	18	115	0	0
4264	4181	0	84	0	0
4265	4182	42	39	0	0
4266	4183	27	5	0	0
4267	4184	21	5	0	0
4268	4185	6	39	0	0
4269	4186	6	39	0	0
4270	4187	457	39	0	0
4271	4188	40	15	0	0
4272	4189	6	39	0	0
4273	4190	0	5	0	0
4274	4191	25	6	0	0
4275	4192	44	16	0	0
4276	4193	42	39	0	0
4277	4194	6	39	0	0
4278	4184	21	5	0	0
4279	4195	252	215	0	0
4280	4196	18	5	0	0
4281	4184	21	5	0	0
4282	4197	25	6	0	0
4283	4198	0	5	0	0
4284	4199	27	62	0	0
4285	4200	25	6	0	0
4286	4201	25	6	0	0
4287	4202	458	366	0	0
4288	4203	0	84	0	0
4289	4204	27	367	0	0
4290	4205	0	84	0	0
4291	4206	13	84	0	0
4292	4207	42	84	0	0
4293	4208	0	28	0	0
4294	4209	18	368	0	0
4295	4210	0	28	0	0
4296	4211	0	65	0	0
4297	4212	21	39	0	0
4298	4213	0	61	0	0
4299	4214	0	5	0	0
4300	4215	125	369	0	0
4301	4216	0	28	0	0
4302	4217	0	159	0	0
4303	4218	18	5	0	0
4304	4219	0	61	0	0
4305	4220	0	55	0	0
4306	4221	0	28	0	0
4307	4222	0	55	0	0
4308	4223	0	55	0	0
4309	4224	27	20	0	0
4310	4225	18	370	0	0
4311	4226	41	59	0	0
4312	4227	18	20	0	0
4313	4228	0	28	0	0
4314	4229	37	6	0	0
4315	4230	6	371	2	0
4316	4231	0	55	0	0
4317	4232	0	162	0	0
4318	4233	37	6	0	0
4319	3531	17	61	0	0
4320	4234	0	90	0	0
4321	4235	7	90	0	0
4322	4236	459	89	0	0
4323	4237	27	43	0	0
4324	4238	0	43	0	0
4325	4239	0	55	0	0
4326	4240	27	43	0	0
4327	4241	0	55	0	0
4328	4242	37	6	0	0
4329	4243	460	55	0	0
4330	4244	18	62	0	0
4331	4245	21	55	0	0
4332	4246	21	43	0	0
4333	4247	16	95	111	0
4334	4248	0	62	0	0
4335	4249	6	372	0	0
4336	4250	0	182	0	0
4337	4251	0	56	0	0
