0	1224	26
1	1881	51
2	2125	37
3	1525	50
4	147	0
5	3420	13
6	1970	58
7	24	37
8	329	22
9	1565	20
10	1529	54
11	218	29
12	480	16
13	6	25
14	3278	34
15	287	31
16	149	0
17	1899	30
18	1744	47
19	177	28
20	2562	0
21	483	37
22	552	0
23	212	29
24	1067	23
25	1835	0
26	1035	23
27	1532	47
28	181	37
29	3067	0
30	1719	21
31	1120	70
32	2095	37
33	802	54
34	1174	30
35	100	47
36	187	41
37	142	54
38	45	8
39	8	25
40	188	0
41	1537	58
42	2539	37
43	655	58
44	1913	55
45	220	28
46	194	26
47	330	40
48	1060	0
49	693	0
50	540	0
51	535	36
52	61	36
53	19	33
54	1849	0
55	1596	45
56	844	0
57	1116	0
58	1540	0
59	1677	0
60	1315	48
61	1667	0
62	3301	37
63	2032	0
64	2312	50
65	3149	31
66	202	32
67	3389	62
68	1121	51
69	405	0
70	448	0
71	1777	20
72	980	50
73	959	48
74	699	38
75	1934	0
76	212	0
77	1894	34
78	391	25
79	1022	0
80	2693	0
81	248	57
82	1940	37
83	1877	0
84	22	29
85	8	33
86	1949	17
87	29	27
88	2354	29
89	2782	44
90	781	23
91	125	29
92	1432	33
93	774	28
94	3050	28
95	64	0
96	398	45
97	2030	40
98	3043	0
99	1441	0
100	104	38
101	1518	15
102	851	0
103	2276	32
104	3415	0
105	1963	0
106	243	49
107	278	36
108	1560	0
109	444	49
110	2510	55
111	6	34
112	1959	0
113	3265	56
114	3359	49
115	152	25
116	1988	41
117	84	0
118	231	30
119	232	56
120	125	27
121	130	37
122	233	45
123	1327	48
124	2348	0
125	268	0
126	3315	40
127	1864	41
128	2134	34
129	443	0
130	1013	0
131	236	46
132	2584	0
133	1954	32
134	45	57
135	1568	0
136	2585	36
137	23	0
138	1751	41
139	317	28
140	200	0
141	218	25
142	218	36
143	663	30
144	1622	24
145	1010	0
146	476	0
147	1183	20
148	3445	57
149	1370	18
150	8	40
151	224	35
152	11	0
153	218	26
154	412	0
155	877	29
156	3138	0
157	249	0
158	54	2
159	1365	25
160	1811	0
161	1208	51
162	0	0
163	1183	0
164	982	0
165	2081	0
166	1424	0
167	220	45
168	76	31
169	589	35
170	994	47
171	1595	29
172	984	22
173	1696	0
174	218	26
175	2021	0
176	2854	0
177	1777	28
178	1153	69
179	1577	45
180	1596	0
181	60	24
182	268	0
183	673	50
184	1578	35
185	636	44
186	423	31
187	2226	0
188	609	25
189	104	27
190	395	0
191	766	27
192	851	15
193	1982	25
194	1867	39
195	785	28
196	1983	0
197	2355	48
198	115	0
199	1233	32
200	1410	34
201	1582	17
202	138	36
203	1194	26
204	3260	58
205	793	24
206	1985	44
207	2626	53
208	2526	25
209	273	0
210	76	48
211	1557	25
212	3018	32
213	3190	39
214	201	32
215	2606	38
216	3131	0
217	509	0
218	68	0
219	72	24
220	1939	0
221	212	0
222	72	23
223	6	37
224	2006	32
225	270	50
226	97	0
227	1451	0
228	98	35
229	525	38
230	45	46
231	54	0
232	8	29
233	1589	34
234	113	0
235	123	0
236	3141	23
237	2983	34
238	1997	0
239	127	40
240	128	0
241	1526	29
242	626	0
243	143	59
244	628	36
245	24	23
246	638	0
247	152	20
248	111	39
249	155	23
250	107	0
251	1194	42
252	156	26
253	610	31
254	100	26
255	424	38
256	169	29
257	54	63
258	1789	0
259	171	16
260	626	0
261	2007	53
262	2008	47
263	283	23
264	3104	53
265	1686	31
266	908	0
267	2731	37
268	192	34
269	201	23
270	2215	0
271	76	25
272	54	0
273	206	21
274	1229	3
275	210	36
276	566	0
277	540	24
278	1277	28
279	1676	0
280	601	42
281	697	47
282	147	0
283	226	33
284	1046	0
285	2794	32
286	98	31
287	709	50
288	1597	40
289	1598	59
290	147	47
291	250	22
292	557	0
293	1410	31
294	152	0
295	258	25
296	259	38
297	3223	38
298	262	22
299	22	38
300	22	45
301	1410	46
302	69	0
303	8	59
304	556	0
305	1599	0
306	125	0
307	485	0
308	1603	0
309	1208	24
310	2034	36
311	227	33
312	1605	0
313	1489	19
314	1160	24
315	1606	20
316	2011	52
317	278	23
318	302	0
319	100	36
320	679	33
321	997	49
322	76	57
323	1590	0
324	1761	31
325	1611	55
326	78	61
327	247	28
328	60	20
329	2570	0
330	3211	0
331	869	25
332	1495	0
333	2042	15
334	1341	54
335	2480	44
336	658	33
337	1279	32
338	1777	27
339	1194	56
340	133	25
341	372	0
342	72	26
343	290	0
344	2878	43
345	1614	0
346	364	30
347	1666	0
348	575	0
349	1617	55
350	152	0
351	2077	29
352	1618	38
353	161	32
354	2045	30
355	382	22
356	152	0
357	3028	32
358	388	36
359	345	35
360	2053	36
361	106	17
362	2365	0
363	2057	44
364	100	0
365	407	0
366	408	34
367	76	35
368	411	31
369	412	27
370	483	24
371	3168	28
372	1629	0
373	2472	30
374	659	27
375	1039	0
376	19	41
377	353	0
378	6	0
379	419	28
380	2063	77
381	349	0
382	147	36
383	2119	0
384	429	0
385	2064	19
386	125	46
387	2349	34
388	438	30
389	853	25
390	452	46
391	456	30
392	569	0
393	1405	41
394	2065	27
395	461	23
396	27	0
397	365	53
398	465	34
399	2924	83
400	2594	0
401	471	23
402	86	44
403	1252	30
404	1640	52
405	2052	17
406	2002	48
407	1453	29
408	2556	31
409	123	0
410	445	0
411	125	45
412	2786	41
413	102	0
414	587	52
415	1642	27
416	3096	25
417	323	0
418	1083	0
419	1645	37
420	1639	26
421	152	45
422	889	22
423	2861	0
424	2806	17
425	11	39
426	601	0
427	1580	43
428	212	76
429	1619	34
430	936	0
431	16	0
432	1298	32
433	541	42
434	2082	0
435	125	50
436	544	34
437	218	0
438	391	33
439	552	0
440	218	32
441	2832	31
442	2086	34
443	883	30
444	2472	0
445	1334	26
446	559	25
447	1651	46
448	147	0
449	3291	35
450	1405	23
451	131	0
452	503	61
453	636	34
454	985	24
455	556	0
456	54	34
457	258	42
458	123	33
459	1968	23
460	54	26
461	2096	0
462	1367	0
463	3356	31
464	596	52
465	2099	30
466	610	29
467	607	60
468	608	20
469	612	29
470	409	61
471	351	41
472	614	25
473	615	30
474	729	27
475	54	29
476	395	0
477	1070	17
478	63	31
479	1052	0
480	2119	0
481	474	27
482	2933	30
483	2787	45
484	1337	25
485	1067	24
486	78	31
487	987	47
488	642	68
489	601	25
490	56	36
491	1170	27
492	2388	0
493	3165	23
494	9	28
495	391	40
496	2108	34
497	3434	47
498	3434	0
499	287	0
500	1665	37
501	143	36
502	1310	28
503	3275	47
504	416	0
505	275	0
506	674	18
507	417	39
508	831	42
509	1269	20
510	278	30
511	54	23
512	1743	57
513	3	28
514	263	23
515	425	39
516	912	30
517	691	46
518	610	30
519	278	44
520	1519	41
521	476	40
522	2788	33
523	1022	30
524	147	25
525	3	30
526	263	29
527	711	0
528	2116	34
529	2788	0
530	1674	42
531	1019	34
532	556	33
533	1067	42
534	1647	24
535	1153	0
536	24	29
537	726	48
538	2120	0
539	1214	40
540	73	0
541	2198	52
542	1331	49
543	742	27
544	1759	41
545	3243	40
546	1702	50
547	2604	0
548	180	39
549	581	0
550	3097	27
551	152	31
552	126	0
553	1091	44
554	1620	29
555	442	25
556	147	33
557	3439	36
558	767	0
559	2048	30
560	1930	0
561	1677	0
562	2730	33
563	634	29
564	2793	0
565	776	46
566	108	38
567	24	37
568	784	33
569	2454	17
570	1534	0
571	2138	136
572	2139	18
573	76	0
574	147	0
575	1690	81
576	2962	37
577	24	0
578	278	32
579	2783	24
580	62	0
581	100	23
582	3111	55
583	1328	0
584	804	32
585	476	18
586	1786	45
587	2151	49
588	1631	58
589	2955	32
590	2154	0
591	2155	37
592	817	30
593	1654	0
594	2156	54
595	20	18
596	3072	35
597	1697	0
598	2157	40
599	1414	34
600	458	0
601	60	47
602	1133	49
603	675	63
604	2159	33
605	1941	35
606	76	26
607	308	0
608	2161	41
609	793	18
610	2163	39
611	3035	66
612	2166	0
613	609	26
614	831	30
615	481	25
616	568	31
617	699	30
618	23	45
619	247	25
620	843	26
621	2172	0
622	1867	0
623	1705	0
624	2079	38
625	44	54
626	1600	29
627	1757	42
628	586	34
629	114	48
630	1971	56
631	152	0
632	462	22
633	2275	39
634	297	32
635	2177	34
636	1481	0
637	3138	34
638	2731	33
639	2180	26
640	865	26
641	2227	0
642	1022	35
643	687	30
644	621	31
645	123	66
646	50	29
647	2183	0
648	2184	21
649	2185	0
650	1774	75
651	2186	49
652	885	0
653	887	20
654	509	0
655	891	60
656	1648	52
657	15	53
658	1739	28
659	152	0
660	184	0
661	1075	0
662	54	32
663	19	30
664	899	29
665	142	31
666	1224	31
667	1287	31
668	84	26
669	263	0
670	999	0
671	40	56
672	72	0
673	3144	37
674	904	25
675	1148	41
676	54	32
677	2488	36
678	1723	0
679	609	0
680	412	30
681	1728	82
682	1659	0
683	203	24
684	1493	28
685	917	22
686	85	0
687	553	0
688	942	40
689	1584	57
690	828	45
691	101	51
692	1912	0
693	1033	30
694	198	0
695	2959	45
696	3302	50
697	137	18
698	45	0
699	520	25
700	915	20
701	2083	0
702	78	57
703	290	0
704	1717	58
705	2299	47
706	2195	0
707	330	42
708	616	0
709	125	0
710	1968	23
711	989	0
712	3154	0
713	123	28
714	3	44
715	318	24
716	680	0
717	958	0
718	60	0
719	1803	24
720	1920	28
721	963	0
722	3288	0
723	74	62
724	3158	0
725	54	61
726	325	26
727	3146	56
728	84	48
729	1745	39
730	973	38
731	3241	59
732	212	0
733	1746	0
734	1974	26
735	1974	26
736	440	0
737	977	32
738	1071	42
739	1796	0
740	218	0
741	2312	26
742	76	42
743	2730	37
744	3183	36
745	218	22
746	2040	29
747	397	35
748	3196	45
749	553	45
750	2823	22
751	1100	0
752	992	29
753	2066	50
754	1748	41
755	439	0
756	729	41
757	2653	32
758	1000	30
759	439	21
760	2199	39
761	889	46
762	2005	28
763	942	0
764	1008	28
765	1005	35
766	59	34
767	247	0
768	313	63
769	1011	31
770	683	0
771	84	0
772	1013	62
773	2820	45
774	45	0
775	2840	60
776	1018	22
777	278	53
778	662	0
779	19	0
780	23	0
781	147	31
782	1028	54
783	1696	35
784	137	0
785	2693	45
786	998	0
787	688	22
788	152	39
789	45	56
790	2879	34
791	1040	0
792	1515	22
793	1052	33
794	2167	33
795	847	0
796	28	45
797	2612	0
798	545	40
799	2847	39
800	2218	47
801	613	52
802	2219	0
803	212	38
804	1472	0
805	366	34
806	1379	22
807	152	43
808	307	51
809	242	61
810	190	25
811	1113	31
812	338	0
813	2046	80
814	152	0
815	366	0
816	185	0
817	2319	0
818	1671	1
819	2140	41
820	1944	54
821	1696	0
822	842	0
823	804	0
824	1073	0
825	2097	55
826	606	28
827	606	8
828	2191	0
829	251	23
830	2231	52
831	3	32
832	298	30
833	2232	27
834	412	30
835	800	19
836	561	26
837	778	43
838	1084	0
839	1406	0
840	360	35
841	2726	36
842	2468	35
843	854	35
844	2178	33
845	2994	1
846	244	0
847	413	37
848	287	0
849	1406	0
850	1093	30
851	1094	28
852	170	40
853	25	0
854	1097	23
855	679	0
856	3	50
857	24	26
858	1102	0
859	190	49
860	431	34
861	123	53
862	1925	60
863	2240	72
864	521	0
865	424	26
866	4	62
867	1776	45
868	2442	0
869	2496	53
870	51	54
871	966	26
872	260	23
873	3261	36
874	147	0
875	1348	0
876	244	49
877	3099	53
878	2580	35
879	2477	57
880	297	25
881	1824	70
882	1024	46
883	1124	22
884	924	39
885	100	43
886	152	56
887	2200	69
888	2884	49
889	580	43
890	514	37
891	612	21
892	949	32
893	599	74
894	212	0
895	3311	0
896	831	0
897	1752	0
898	3391	0
899	2303	52
900	3003	35
901	84	0
902	60	21
903	531	41
904	999	0
905	104	0
906	133	101
907	1149	23
908	1151	0
909	3369	65
910	273	0
911	2251	56
912	1163	27
913	2609	0
914	147	0
915	1751	46
916	1155	39
917	268	0
918	190	34
919	76	0
920	343	26
921	597	35
922	2457	0
923	54	29
924	76	26
925	495	28
926	189	60
927	278	25
928	1196	39
929	2258	80
930	1050	56
931	2370	32
932	213	0
933	101	28
934	1227	0
935	2260	21
936	2389	33
937	610	23
938	610	44
939	1375	0
940	282	31
941	1208	34
942	1032	26
943	833	47
944	506	0
945	1429	29
946	489	29
947	1528	57
948	1211	28
949	2264	43
950	601	25
951	2266	44
952	1215	36
953	855	36
954	2268	0
955	1216	48
956	609	23
957	290	55
958	29	28
959	1383	62
960	1467	49
961	615	47
962	1804	21
963	1222	0
964	1808	25
965	2284	0
966	1208	30
967	15	24
968	2567	0
969	244	30
970	418	0
971	2508	31
972	1813	0
973	1813	0
974	520	21
975	582	0
976	100	19
977	610	0
978	88	0
979	1022	32
980	3103	9
981	338	28
982	1241	17
983	1815	30
984	889	0
985	1243	2
986	263	34
987	1818	20
988	1244	0
989	1409	0
990	2506	36
991	622	21
992	623	20
993	851	0
994	589	29
995	3054	37
996	318	31
997	2470	30
998	212	239
999	1457	27
1000	142	24
1001	1821	35
1002	581	35
1003	2951	34
1004	147	0
1005	2976	41
1006	76	25
1007	338	31
1008	2288	0
1009	1257	26
1010	54	45
1011	1080	65
1012	444	24
1013	1105	0
1014	386	28
1015	1541	40
1016	147	29
1017	263	40
1018	2290	38
1019	1264	18
1020	1265	37
1021	268	27
1022	2595	62
1023	150	27
1024	1173	38
1025	2291	29
1026	3292	40
1027	553	37
1028	270	58
1029	1183	21
1030	1317	26
1031	3	14
1032	11	60
1033	2300	39
1034	1178	65
1035	553	0
1036	39	44
1037	847	21
1038	1284	26
1039	2305	25
1040	60	54
1041	1062	57
1042	647	36
1043	61	0
1044	1288	27
1045	1012	24
1046	22	44
1047	899	26
1048	75	40
1049	950	0
1050	525	0
1051	1925	0
1052	382	69
1053	40	53
1054	284	0
1055	1628	0
1056	1066	30
1057	72	36
1058	1837	0
1059	3	30
1060	1301	0
1061	2310	0
1062	1302	40
1063	1839	40
1064	1303	0
1065	1687	49
1066	521	0
1067	1307	34
1068	2314	0
1069	702	26
1070	2716	19
1071	892	0
1072	147	0
1073	729	0
1074	686	41
1075	2312	30
1076	230	36
1077	50	0
1078	1317	34
1079	2316	59
1080	8	53
1081	115	33
1082	46	43
1083	660	0
1084	2925	15
1085	3	66
1086	54	38
1087	990	27
1088	54	33
1089	1325	34
1090	3	49
1091	3	35
1092	844	76
1093	636	35
1094	2889	48
1095	290	33
1096	514	40
1097	84	9
1098	1337	0
1099	1483	42
1100	2329	38
1101	84	0
1102	962	0
1103	699	46
1104	493	38
1105	1576	0
1106	1345	22
1107	6	37
1108	644	0
1109	1116	36
1110	1852	35
1111	2045	33
1112	28	40
1113	123	29
1114	1397	23
1115	88	47
1116	1860	29
1117	889	66
1118	732	29
1119	60	0
1120	1359	61
1121	2168	35
1122	286	0
1123	3286	25
1124	2517	35
1125	3298	16
1126	72	44
1127	2872	68
1128	3049	29
1129	1179	27
1130	60	0
1131	676	28
1132	1369	17
1133	1580	27
1134	73	0
1135	2330	13
1136	1371	27
1137	2332	0
1138	1409	17
1139	340	36
1140	2061	31
1141	681	0
1142	552	0
1143	1192	28
1144	22	0
1145	1623	0
1146	1382	15
1147	218	26
1148	24	29
1149	2335	0
1150	823	29
1151	8	21
1152	76	0
1153	8	41
1154	1	35
1155	1391	29
1156	960	33
1157	247	34
1158	76	27
1159	689	45
1160	1732	0
1161	1820	42
1162	1396	22
1163	2805	68
1164	1874	57
1165	104	27
1166	757	33
1167	123	51
1168	1241	20
1169	60	0
1170	1876	49
1171	2158	57
1172	2342	31
1173	264	31
1174	847	0
1175	2236	0
1176	20	29
1177	3	0
1178	1336	37
1179	2312	29
1180	664	26
1181	268	0
1182	1327	0
1183	1420	27
1184	278	23
1185	2060	0
1186	112	32
1187	99	36
1188	729	0
1189	3429	65
1190	2052	29
1191	2596	0
1192	2356	0
1193	412	31
1194	2357	22
1195	1884	64
1196	77	0
1197	1885	0
1198	616	0
1199	89	0
1200	716	0
1201	2361	27
1202	8	0
1203	147	27
1204	2736	40
1205	123	54
1206	1889	55
1207	2054	63
1208	2363	34
1209	1750	43
1210	413	44
1211	1309	44
1212	1447	58
1213	354	28
1214	847	56
1215	391	33
1216	1531	0
1217	889	41
1218	56	52
1219	1569	44
1220	1075	28
1221	1766	30
1222	3423	53
1223	84	0
1224	971	61
1225	1043	51
1226	791	28
1227	1458	0
1228	1132	47
1229	84	46
1230	2659	29
1231	723	32
1232	24	49
1233	276	45
1234	72	42
1235	338	0
1236	321	0
1237	1110	0
1238	1470	0
1239	1264	13
1240	1897	0
1241	24	49
1242	19	34
1243	3085	0
1244	2380	40
1245	3	25
1246	140	23
1247	1780	0
1248	391	39
1249	1847	32
1250	1140	0
1251	1488	0
1252	1727	50
1253	76	22
1254	2407	39
1255	88	0
1256	729	35
1257	2682	24
1258	84	0
1259	247	0
1260	2385	29
1261	123	21
1262	84	0
1263	1904	42
1264	220	50
1265	461	25
1266	85	39
1267	578	0
1268	1494	47
1269	2390	27
1270	1495	29
1271	1009	41
1272	892	0
1273	738	0
1274	1500	42
1275	338	65
1276	1502	30
1277	2392	56
1278	2181	33
1279	1853	50
1280	2899	27
1281	673	0
1282	402	63
1283	1309	37
1284	495	32
1285	482	31
1286	247	0
1287	556	0
1288	334	0
1289	1508	21
1290	1168	39
1291	1908	30
1292	751	32
1293	220	23
1294	84	32
1295	1322	37
1296	1082	35
1297	1910	0
1298	19	25
1299	1834	51
1300	1742	0
1301	1572	46
1302	752	35
1303	964	0
1304	1025	46
1305	1513	26
1306	744	0
1307	54	40
1308	60	34
1309	755	21
1310	84	29
1311	889	41
1312	583	23
1313	1565	0
1314	487	25
1315	2777	29
1316	1019	40
1317	1520	0
1318	2400	0
1319	126	31
1320	1916	35
1321	1526	31
1322	1917	40
1323	831	0
1324	793	18
1325	412	34
1326	1921	32
1327	286	40
1328	2408	40
1329	3235	0
1330	474	0
1331	123	38
1332	1044	0
1333	1835	23
1334	78	0
1335	220	0
1336	19	56
1337	1542	0
1338	22	24
1339	1546	0
1340	1547	18
1341	320	23
1342	565	49
1343	1549	22
1344	220	39
1345	3178	0
1346	920	35
1347	1070	24
1348	1282	48
1349	1794	40
1350	39	151
1351	782	23
1352	8	32
1353	1557	31
1354	608	24
1355	1322	32
1356	2425	45
1357	1433	0
1358	286	29
1359	1830	52
1360	715	57
1361	2127	0
1362	1564	0
1363	2985	0
1364	1059	17
1365	22	18
1366	27	33
1367	1929	18
1368	28	29
1369	953	23
1370	147	0
1371	2554	47
1372	397	34
1373	29	22
1374	258	0
1375	1573	24
1376	688	43
1377	2941	37
1378	19	58
1379	827	55
1380	1778	28
1381	99	31
1382	826	41
1383	423	58
1384	2427	17
1385	520	24
1386	2428	26
1387	1794	70
1388	993	23
1389	476	32
1390	104	22
1391	1207	0
1392	690	29
1393	2604	39
1394	1581	25
1395	461	29
1396	53	21
1397	243	30
1398	1942	18
1399	212	25
1400	2437	30
1401	131	26
1402	1076	0
1403	743	24
1404	1586	45
1405	295	0
1406	2384	39
1407	636	31
1408	145	33
1409	2443	0
1410	373	201
1411	1590	0
1412	130	41
1413	610	49
1414	667	0
1415	76	33
1416	359	58
1417	1573	24
1418	2092	28
1419	807	51
1420	1006	18
1421	2447	0
1422	808	0
1423	3258	0
1424	147	32
1425	812	71
1426	405	55
1427	1370	0
1428	2455	42
1429	1192	0
1430	1162	55
1431	391	56
1432	251	35
1433	626	38
1434	401	25
1435	95	27
1436	142	0
1437	1600	15
1438	1953	0
1439	330	0
1440	1601	32
1441	761	0
1442	125	0
1443	1965	37
1444	570	29
1445	613	0
1446	1604	0
1447	349	51
1448	1957	65
1449	753	36
1450	798	29
1451	4	33
1452	487	35
1453	426	0
1454	1612	54
1455	125	0
1456	819	26
1457	294	57
1458	45	83
1459	3290	0
1460	2753	0
1461	550	0
1462	726	41
1463	54	47
1464	1960	66
1465	57	34
1466	929	28
1467	1101	30
1468	1636	28
1469	1967	100
1470	142	12
1471	28	32
1472	84	33
1473	913	36
1474	620	34
1475	825	0
1476	379	28
1477	431	18
1478	247	28
1479	865	29
1480	521	0
1481	1142	64
1482	1105	0
1483	439	0
1484	1599	0
1485	325	30
1486	267	41
1487	18	24
1488	45	53
1489	45	19
1490	1624	34
1491	2280	0
1492	1143	20
1493	2579	20
1494	704	0
1495	2209	23
1496	60	0
1497	829	41
1498	349	30
1499	3049	22
1500	84	24
1501	832	26
1502	496	24
1503	836	0
1504	99	47
1505	1555	37
1506	76	0
1507	54	0
1508	263	26
1509	756	50
1510	2364	14
1511	1466	33
1512	24	26
1513	1668	57
1514	147	43
1515	1670	35
1516	2481	0
1517	711	0
1518	278	49
1519	1979	35
1520	929	0
1521	2137	34
1522	595	41
1523	2851	33
1524	478	31
1525	242	72
1526	570	26
1527	2423	51
1528	104	27
1529	2367	26
1530	3328	61
1531	1900	42
1532	131	23
1533	461	21
1534	1338	34
1535	142	0
1536	145	0
1537	104	0
1538	1984	0
1539	2911	0
1540	1295	44
1541	2238	0
1542	110	21
1543	608	36
1544	1688	33
1545	1692	0
1546	431	41
1547	3072	37
1548	152	0
1549	1694	0
1550	1695	27
1551	100	0
1552	3175	25
1553	1209	24
1554	123	10
1555	977	33
1556	1399	0
1557	76	32
1558	1814	40
1559	585	22
1560	2178	0
1561	270	31
1562	1703	24
1563	2499	38
1564	2500	31
1565	1055	0
1566	116	25
1567	157	19
1568	1709	37
1569	1342	51
1570	858	17
1571	1712	28
1572	1714	23
1573	2505	46
1574	1991	37
1575	1165	24
1576	2368	33
1577	430	0
1578	682	26
1579	28	54
1580	869	0
1581	110	44
1582	102	33
1583	979	0
1584	8	0
1585	3	62
1586	862	28
1587	92	22
1588	260	20
1589	0	26
1590	60	0
1591	28	30
1592	2512	44
1593	1994	61
1594	19	30
1595	2485	54
1596	28	28
1597	1514	39
1598	1996	38
1599	1444	34
1600	123	0
1601	1998	0
1602	152	0
1603	11	34
1604	84	34
1605	1737	23
1606	1980	0
1607	774	29
1608	39	24
1609	147	0
1610	1244	23
1611	3317	0
1612	2111	47
1613	634	0
1614	1317	36
1615	1496	38
1616	125	33
1617	160	0
1618	2789	24
1619	3340	0
1620	571	49
1621	349	38
1622	2220	54
1623	2928	24
1624	461	57
1625	873	42
1626	1755	21
1627	8	0
1628	2523	44
1629	1022	23
1630	2812	46
1631	278	70
1632	245	28
1633	679	0
1634	338	64
1635	611	26
1636	1514	25
1637	100	28
1638	2016	40
1639	3	60
1640	4	68
1641	258	29
1642	609	41
1643	881	53
1644	1763	0
1645	642	43
1646	1487	35
1647	1764	0
1648	914	0
1649	147	27
1650	403	44
1651	37	39
1652	24	49
1653	562	23
1654	349	36
1655	1045	39
1656	24	0
1657	218	27
1658	636	26
1659	2532	29
1660	1769	25
1661	1770	0
1662	1771	0
1663	1130	32
1664	2982	0
1665	360	41
1666	2535	0
1667	1779	44
1668	491	47
1669	610	37
1670	1781	37
1671	2538	25
1672	2517	0
1673	1783	47
1674	889	46
1675	2473	55
1676	1785	28
1677	1088	0
1678	120	49
1679	900	38
1680	311	33
1681	140	30
1682	1790	32
1683	1526	27
1684	889	0
1685	1806	0
1686	1791	32
1687	2571	30
1688	1576	43
1689	1793	0
1690	2170	29
1691	2093	48
1692	2542	0
1693	542	38
1694	1699	18
1695	19	33
1696	1270	1
1697	431	20
1698	888	23
1699	395	0
1700	54	0
1701	2035	36
1702	54	33
1703	74	32
1704	2165	0
1705	1253	44
1706	569	30
1707	258	36
1708	1809	28
1709	297	19
1710	910	35
1711	1528	36
1712	1251	39
1713	889	0
1714	201	0
1715	1246	44
1716	45	0
1717	2549	54
1718	1816	33
1719	1817	40
1720	995	29
1721	2552	52
1722	804	42
1723	145	26
1724	1153	0
1725	1398	17
1726	1266	0
1727	123	29
1728	1823	0
1729	3362	0
1730	1824	71
1731	543	27
1732	1827	58
1733	50	25
1734	1831	30
1735	648	0
1736	1834	47
1737	147	30
1738	1155	55
1739	2701	0
1740	1449	0
1741	1836	0
1742	524	0
1743	152	45
1744	8	34
1745	968	28
1746	2422	37
1747	500	38
1748	1842	26
1749	1843	37
1750	2558	54
1751	76	55
1752	803	35
1753	641	53
1754	218	0
1755	1848	49
1756	2568	40
1757	1195	41
1758	147	0
1759	174	0
1760	2510	14
1761	1854	23
1762	220	48
1763	1212	0
1764	2486	41
1765	1417	0
1766	395	34
1767	24	22
1768	35	33
1769	125	35
1770	84	38
1771	1583	74
1772	2563	38
1773	696	67
1774	848	23
1775	2110	43
1776	1116	31
1777	527	52
1778	1873	54
1779	1098	0
1780	2960	0
1781	1878	38
1782	45	54
1783	2110	43
1784	212	0
1785	338	0
1786	143	0
1787	540	30
1788	6	38
1789	338	0
1790	1176	45
1791	175	51
1792	84	31
1793	1429	37
1794	76	0
1795	589	21
1796	265	39
1797	844	44
1798	2578	32
1799	121	33
1800	338	55
1801	1012	36
1802	366	0
1803	23	80
1804	1902	0
1805	2112	45
1806	1667	0
1807	161	43
1808	3176	24
1809	1918	47
1810	1920	61
1811	288	30
1812	1923	32
1813	1926	40
1814	1106	53
1815	168	0
1816	1928	24
1817	1107	41
1818	1933	33
1819	1936	38
1820	180	30
1821	1938	0
1822	2080	44
1823	1045	59
1824	273	25
1825	2706	30
1826	218	26
1827	1811	0
1828	1945	36
1829	1947	0
1830	1338	30
1831	178	31
1832	1051	48
1833	3021	49
1834	60	0
1835	2089	50
1836	2726	0
1837	1340	37
1838	2142	29
1839	8	33
1840	1962	0
1841	1787	0
1842	949	3
1843	1006	25
1844	147	0
1845	1964	38
1846	2090	27
1847	1022	24
1848	8	54
1849	2592	0
1850	3240	65
1851	152	0
1852	158	39
1853	2349	60
1854	2371	46
1855	1080	28
1856	2098	39
1857	2597	29
1858	19	0
1859	2598	0
1860	2577	0
1861	1126	65
1862	258	31
1863	8	58
1864	791	52
1865	1863	0
1866	27	45
1867	465	45
1868	994	29
1869	1006	30
1870	287	53
1871	29	39
1872	1333	39
1873	241	26
1874	1613	0
1875	2607	34
1876	431	26
1877	152	0
1878	626	36
1879	487	0
1880	1987	25
1881	1564	48
1882	2660	34
1883	934	0
1884	1886	0
1885	403	43
1886	1993	60
1887	1630	25
1888	698	30
1889	2000	0
1890	2615	19
1891	3413	53
1892	636	21
1893	2014	0
1894	160	44
1895	2292	43
1896	2389	49
1897	905	22
1898	2023	56
1899	2024	0
1900	104	29
1901	1357	32
1902	2027	54
1903	100	35
1904	2627	11
1905	2033	0
1906	0	69
1907	84	0
1908	889	34
1909	308	15
1910	1845	19
1911	2037	44
1912	1331	0
1913	2630	19
1914	1732	28
1915	1272	0
1916	1521	32
1917	2136	0
1918	104	25
1919	9	25
1920	242	0
1921	2047	0
1922	2313	0
1923	435	22
1924	700	0
1925	212	28
1926	2953	36
1927	1825	17
1928	275	44
1929	448	0
1930	2020	0
1931	2062	30
1932	147	40
1933	2131	29
1934	2132	0
1935	244	23
1936	2961	41
1937	40	48
1938	632	51
1939	1135	0
1940	2501	37
1941	913	31
1942	2066	32
1943	2067	51
1944	461	0
1945	412	53
1946	183	0
1947	2735	0
1948	2070	27
1949	287	36
1950	465	31
1951	100	0
1952	2650	32
1953	2141	27
1954	78	29
1955	2644	35
1956	2144	50
1957	78	27
1958	2075	32
1959	1290	0
1960	2076	45
1961	2146	49
1962	569	41
1963	173	0
1964	23	26
1965	341	59
1966	588	0
1967	503	29
1968	239	33
1969	1528	51
1970	60	21
1971	2654	34
1972	2083	0
1973	2087	0
1974	54	9
1975	142	0
1976	2153	0
1977	328	0
1978	279	32
1979	40	40
1980	3320	35
1981	2663	22
1982	76	38
1983	707	63
1984	924	0
1985	1766	28
1986	660	0
1987	29	41
1988	1781	0
1989	2666	58
1990	282	0
1991	147	0
1992	2162	54
1993	362	30
1994	1700	40
1995	297	34
1996	2672	0
1997	874	23
1998	439	0
1999	19	0
2000	287	20
2001	1576	54
2002	1927	52
2003	142	44
2004	1496	0
2005	220	36
2006	1890	36
2007	307	28
2008	1587	55
2009	2613	36
2010	553	0
2011	1410	23
2012	147	51
2013	2174	41
2014	627	33
2015	489	57
2016	2639	0
2017	3205	0
2018	1044	0
2019	2456	50
2020	2684	0
2021	2685	39
2022	130	46
2023	592	0
2024	851	67
2025	2128	42
2026	28	32
2027	586	29
2028	1973	0
2029	160	28
2030	1282	48
2031	1183	0
2032	133	44
2033	218	40
2034	586	45
2035	2147	56
2036	521	24
2037	152	32
2038	2152	36
2039	1125	23
2040	1112	0
2041	2182	34
2042	2694	41
2043	227	38
2044	636	21
2045	12	50
2046	575	0
2047	2187	41
2048	412	43
2049	104	0
2050	2698	31
2051	137	52
2052	581	31
2053	3079	27
2054	569	0
2055	423	28
2056	487	24
2057	2959	0
2058	263	32
2059	106	47
2060	1014	0
2061	553	31
2062	158	52
2063	2679	39
2064	2516	0
2065	28	18
2066	3436	18
2067	1320	0
2068	3	44
2069	570	27
2070	2176	21
2071	288	0
2072	1601	42
2073	147	27
2074	971	51
2075	382	0
2076	2074	53
2077	78	43
2078	2188	0
2079	2296	39
2080	2189	40
2081	23	31
2082	2713	0
2083	361	35
2084	287	0
2085	123	52
2086	78	0
2087	2190	0
2088	2959	0
2089	247	25
2090	338	29
2091	1150	45
2092	297	47
2093	536	0
2094	444	36
2095	1662	63
2096	2719	0
2097	2196	36
2098	2723	29
2099	2197	38
2100	3335	56
2101	2201	36
2102	632	33
2103	461	17
2104	1596	0
2105	586	29
2106	1496	31
2107	2036	51
2108	2728	46
2109	1294	27
2110	2208	0
2111	1497	55
2112	889	36
2113	889	35
2114	2732	14
2115	2210	28
2116	2203	29
2117	126	66
2118	33	0
2119	2205	18
2120	12	22
2121	1801	34
2122	84	34
2123	54	0
2124	331	26
2125	178	36
2126	25	0
2127	2212	38
2128	2213	26
2129	2214	29
2130	123	28
2131	2211	54
2132	1354	37
2133	66	22
2134	212	0
2135	102	34
2136	1122	18
2137	3004	49
2138	126	40
2139	2402	34
2140	2739	0
2141	1112	0
2142	697	32
2143	1247	25
2144	110	0
2145	338	60
2146	1978	0
2147	2221	0
2148	2223	28
2149	125	0
2150	2233	37
2151	263	49
2152	84	0
2153	466	30
2154	344	58
2155	2746	31
2156	553	48
2157	1751	38
2158	2750	57
2159	1774	0
2160	29	0
2161	3027	49
2162	1559	26
2163	2222	58
2164	398	24
2165	118	26
2166	2243	22
2167	6	40
2168	3101	43
2169	2863	39
2170	297	39
2171	2757	34
2172	147	0
2173	2248	0
2174	1595	44
2175	3375	42
2176	2758	29
2177	2137	30
2178	2228	63
2179	2925	0
2180	2256	0
2181	2699	62
2182	1327	0
2183	696	56
2184	355	33
2185	2261	26
2186	191	41
2187	2764	0
2188	1425	0
2189	2263	37
2190	2765	19
2191	1176	34
2192	601	0
2193	361	27
2194	461	0
2195	2544	37
2196	2270	41
2197	1526	30
2198	2272	0
2199	297	0
2200	3010	40
2201	72	25
2202	1060	27
2203	308	32
2204	100	45
2205	2278	0
2206	276	0
2207	104	50
2208	14	31
2209	1857	41
2210	3260	30
2211	1088	0
2212	1734	0
2213	1032	22
2214	1990	31
2215	266	42
2216	28	0
2217	45	27
2218	2003	26
2219	2289	43
2220	644	0
2221	1975	26
2222	2768	25
2223	838	0
2224	2242	40
2225	2770	0
2226	2244	33
2227	2772	0
2228	218	59
2229	2306	59
2230	2307	34
2231	1724	49
2232	2611	37
2233	521	0
2234	2636	71
2235	3297	0
2236	73	0
2237	619	27
2238	890	16
2239	1459	36
2240	6	23
2241	2309	20
2242	211	0
2243	147	52
2244	2245	21
2245	2779	25
2246	123	31
2247	152	61
2248	525	30
2249	3191	0
2250	2246	30
2251	458	25
2252	2247	35
2253	40	45
2254	875	55
2255	553	22
2256	2346	0
2257	9	39
2258	2317	0
2259	1541	37
2260	8	42
2261	234	0
2262	297	22
2263	3407	29
2264	2249	0
2265	40	34
2266	152	29
2267	119	0
2268	258	51
2269	423	28
2270	247	35
2271	2323	0
2272	1121	38
2273	263	40
2274	2879	29
2275	20	34
2276	729	30
2277	587	36
2278	29	0
2279	357	0
2280	2255	19
2281	461	16
2282	385	22
2283	2328	0
2284	2130	32
2285	2259	43
2286	1823	0
2287	28	0
2288	2762	59
2289	2267	17
2290	1376	56
2291	24	0
2292	38	0
2293	2338	29
2294	263	49
2295	2340	44
2296	2341	0
2297	1337	13
2298	2795	34
2299	1	0
2300	668	42
2301	1970	56
2302	45	58
2303	123	39
2304	2253	36
2305	837	42
2306	2040	30
2307	1469	46
2308	2800	43
2309	19	62
2310	2192	51
2311	1428	49
2312	1901	62
2313	2801	54
2314	2358	0
2315	2820	46
2316	125	21
2317	2000	0
2318	102	0
2319	1865	65
2320	39	0
2321	152	33
2322	123	55
2323	2804	50
2324	2312	47
2325	1684	67
2326	586	44
2327	54	0
2328	2237	53
2329	658	0
2330	1550	21
2331	2806	18
2332	112	0
2333	20	0
2334	1418	34
2335	103	29
2336	263	45
2337	1610	62
2338	2375	65
2339	308	31
2340	2376	0
2341	2273	0
2342	831	0
2343	2377	30
2344	1667	0
2345	1463	0
2346	1456	50
2347	2381	38
2348	2382	33
2349	907	0
2350	1315	41
2351	322	57
2352	1971	32
2353	2391	46
2354	493	0
2355	2393	0
2356	1285	0
2357	784	32
2358	2394	0
2359	1803	44
2360	109	53
2361	423	35
2362	104	29
2363	507	14
2364	54	33
2365	2084	65
2366	2397	50
2367	981	56
2368	104	0
2369	2537	15
2370	2399	0
2371	2401	24
2372	634	0
2373	748	57
2374	8	0
2375	1896	0
2376	2293	44
2377	2825	38
2378	2404	0
2379	2406	0
2380	29	50
2381	1630	36
2382	2595	61
2383	2831	23
2384	3	30
2385	601	18
2386	382	0
2387	2833	43
2388	1571	21
2389	875	17
2390	1113	31
2391	2416	39
2392	338	25
2393	612	24
2394	1001	35
2395	1867	0
2396	54	30
2397	212	33
2398	1321	17
2399	2420	36
2400	287	0
2401	2308	66
2402	2297	0
2403	2104	72
2404	2586	0
2405	2841	50
2406	36	0
2407	2842	0
2408	19	65
2409	2430	29
2410	208	49
2411	2843	48
2412	2844	26
2413	2434	44
2414	2436	67
2415	2438	0
2416	2439	0
2417	24	27
2418	259	56
2419	25	0
2420	2441	41
2421	2414	32
2422	218	22
2423	2848	0
2424	506	39
2425	2442	37
2426	85	37
2427	448	0
2428	1702	0
2429	1790	36
2430	2689	21
2431	1609	32
2432	2445	0
2433	1882	0
2434	152	0
2435	2446	0
2436	1140	39
2437	2448	0
2438	740	0
2439	2344	0
2440	2449	35
2441	892	47
2442	2874	0
2443	191	0
2444	25	39
2445	1514	29
2446	968	29
2447	2458	13
2448	2864	35
2449	1221	56
2450	1503	28
2451	1646	26
2452	1211	28
2453	925	48
2454	1664	0
2455	1566	44
2456	594	18
2457	520	0
2458	1033	18
2459	54	21
2460	630	0
2461	2325	58
2462	2959	31
2463	2787	51
2464	1595	60
2465	2326	28
2466	19	25
2467	2469	21
2468	2327	31
2469	40	49
2470	2473	0
2471	582	29
2472	2743	0
2473	553	28
2474	2640	41
2475	3076	0
2476	686	25
2477	2331	36
2478	2415	25
2479	1631	24
2480	297	0
2481	180	34
2482	2877	38
2483	2333	0
2484	3037	0
2485	212	40
2486	2622	44
2487	453	59
2488	24	27
2489	2883	49
2490	1523	0
2491	2486	41
2492	889	37
2493	1667	0
2494	2886	66
2495	2887	63
2496	332	35
2497	2492	56
2498	2420	19
2499	2890	25
2500	2497	32
2501	2897	28
2502	1123	0
2503	2892	39
2504	1750	40
2505	570	0
2506	2893	0
2507	2336	35
2508	546	0
2509	39	0
2510	19	25
2511	2504	57
2512	2105	29
2513	2337	31
2514	414	52
2515	131	25
2516	2509	0
2517	22	33
2518	2511	34
2519	24	19
2520	2513	25
2521	2900	28
2522	585	29
2523	54	24
2524	930	36
2525	40	31
2526	1567	29
2527	763	0
2528	1249	0
2529	2343	29
2530	1434	16
2531	729	47
2532	2653	22
2533	2015	25
2534	360	39
2535	1523	28
2536	60	0
2537	174	33
2538	1086	31
2539	700	0
2540	73	0
2541	913	36
2542	3076	0
2543	106	25
2544	2903	31
2545	19	0
2546	2345	30
2547	451	44
2548	444	41
2549	3202	0
2550	2906	0
2551	60	0
2552	1440	24
2553	263	0
2554	1749	0
2555	398	26
2556	639	30
2557	2908	0
2558	394	35
2559	143	24
2560	2530	61
2561	28	42
2562	152	23
2563	843	25
2564	2533	23
2565	1834	33
2566	598	29
2567	1961	30
2568	989	24
2569	2352	36
2570	391	29
2571	2536	0
2572	193	27
2573	104	29
2574	2537	15
2575	220	34
2576	562	26
2577	2865	54
2578	2543	31
2579	869	50
2580	275	35
2581	2250	50
2582	2102	0
2583	1711	52
2584	2546	31
2585	121	53
2586	142	23
2587	1022	24
2588	2914	0
2589	2915	31
2590	1153	32
2591	2548	33
2592	92	18
2593	2916	0
2594	15	0
2595	277	0
2596	45	81
2597	2551	28
2598	3023	0
2599	1067	31
2600	2554	26
2601	3144	29
2602	576	58
2603	1962	0
2604	1469	0
2605	3282	0
2606	2888	30
2607	790	0
2608	2378	97
2609	2369	0
2610	104	31
2611	498	32
2612	2320	39
2613	2510	68
2614	2372	20
2615	493	38
2616	1308	37
2617	934	62
2618	1990	0
2619	493	43
2620	3441	1
2621	90	0
2622	2564	28
2623	2566	37
2624	512	29
2625	72	32
2626	2974	54
2627	1133	0
2628	328	40
2629	1633	38
2630	297	32
2631	147	0
2632	54	0
2633	626	23
2634	609	25
2635	719	32
2636	2383	38
2637	965	0
2638	2576	39
2639	1682	0
2640	100	32
2641	2926	30
2642	131	28
2643	461	30
2644	2931	0
2645	218	22
2646	1270	0
2647	1570	38
2648	263	0
2649	1528	0
2650	2051	0
2651	147	50
2652	1973	30
2653	1377	38
2654	665	23
2655	1021	0
2656	3002	0
2657	1214	18
2658	612	26
2659	2935	16
2660	2936	0
2661	629	24
2662	2094	33
2663	423	29
2664	3158	41
2665	1992	37
2666	777	37
2667	2396	41
2668	1673	52
2669	374	60
2670	182	59
2671	2158	0
2672	1476	48
2673	2912	27
2674	2710	0
2675	3429	54
2676	2599	53
2677	440	0
2678	2421	36
2679	999	0
2680	1802	40
2681	244	28
2682	926	38
2683	8	30
2684	2398	16
2685	2028	0
2686	899	0
2687	2347	37
2688	19	37
2689	2059	31
2690	983	21
2691	72	0
2692	18	39
2693	100	11
2694	2614	25
2695	599	0
2696	2946	46
2697	1891	0
2698	2616	0
2699	2617	15
2700	420	0
2701	2618	0
2702	1225	0
2703	3084	30
2704	2642	30
2705	330	0
2706	1171	36
2707	123	41
2708	1414	50
2709	2626	27
2710	2072	0
2711	107	25
2712	2629	49
2713	1066	47
2714	3305	0
2715	2294	64
2716	1217	25
2717	1194	32
2718	2631	41
2719	2071	40
2720	424	33
2721	1512	0
2722	263	23
2723	1472	25
2724	1893	31
2725	126	0
2726	2411	0
2727	585	55
2728	2655	43
2729	882	44
2730	277	0
2731	2252	32
2732	608	29
2733	2637	23
2734	213	0
2735	2194	29
2736	1144	40
2737	2810	47
2738	831	19
2739	235	51
2740	2640	0
2741	398	0
2742	1794	23
2743	831	0
2744	147	30
2745	1209	22
2746	3143	24
2747	2963	38
2748	1707	71
2749	2643	25
2750	1607	0
2751	412	18
2752	1825	0
2753	830	0
2754	1387	24
2755	2418	0
2756	431	43
2757	125	38
2758	61	24
2759	218	32
2760	633	0
2761	60	23
2762	2419	31
2763	1209	0
2764	2025	0
2765	1239	31
2766	2648	0
2767	2649	0
2768	637	0
2769	184	0
2770	2651	39
2771	2347	47
2772	601	24
2773	150	0
2774	589	53
2775	999	0
2776	317	45
2777	147	30
2778	2939	0
2779	197	47
2780	844	66
2781	2304	0
2782	986	24
2783	1104	38
2784	126	43
2785	2972	35
2786	212	33
2787	953	65
2788	1684	67
2789	722	47
2790	1516	0
2791	1524	0
2792	1156	0
2793	2664	0
2794	28	29
2795	8	60
2796	195	0
2797	1490	0
2798	2669	0
2799	2670	0
2800	2426	24
2801	2975	29
2802	717	26
2803	2675	0
2804	2676	0
2805	550	57
2806	2977	0
2807	348	0
2808	1053	37
2809	2049	0
2810	76	0
2811	2678	33
2812	444	48
2813	2432	36
2814	1375	30
2815	2683	33
2816	2686	0
2817	123	57
2818	84	36
2819	831	0
2820	40	0
2821	356	22
2822	729	31
2823	1660	26
2824	24	32
2825	1055	36
2826	553	38
2827	142	24
2828	2690	34
2829	29	0
2830	330	0
2831	88	75
2832	1552	0
2833	2440	16
2834	1935	38
2835	8	0
2836	870	36
2837	2702	26
2838	1355	33
2839	2661	0
2840	1576	34
2841	1150	0
2842	2025	26
2843	2415	50
2844	72	27
2845	1192	40
2846	2091	0
2847	851	51
2848	2346	0
2849	2450	37
2850	2711	44
2851	2712	44
2852	133	25
2853	1567	61
2854	2714	0
2855	934	0
2856	73	43
2857	50	29
2858	2622	56
2859	29	0
2860	633	48
2861	28	0
2862	88	0
2863	1113	23
2864	2370	0
2865	439	25
2866	2720	0
2867	2721	0
2868	423	0
2869	2815	38
2870	1477	16
2871	3005	24
2872	3197	0
2873	8	29
2874	2725	36
2875	454	54
2876	212	29
2877	1450	0
2878	3006	18
2879	2395	0
2880	88	0
2881	2072	0
2882	1119	16
2883	2515	0
2884	2459	19
2885	200	20
2886	2733	12
2887	218	34
2888	1684	52
2889	42	23
2890	895	0
2891	2737	49
2892	3125	0
2893	1989	31
2894	15	36
2895	803	29
2896	102	0
2897	2123	0
2898	3014	37
2899	1272	24
2900	2741	50
2901	3213	0
2902	2200	59
2903	2415	0
2904	2745	60
2905	1948	62
2906	147	34
2907	2465	45
2908	758	29
2909	726	33
2910	2748	24
2911	34	0
2912	391	0
2913	104	0
2914	847	46
2915	100	51
2916	1321	0
2917	493	14
2918	508	28
2919	2471	45
2920	2752	29
2921	1729	0
2922	2756	30
2923	2387	31
2924	2760	0
2925	1133	32
2926	749	0
2927	453	0
2928	2250	26
2929	2644	32
2930	1564	0
2931	749	22
2932	2763	44
2933	8	0
2934	40	0
2935	319	19
2936	521	23
2937	2766	17
2938	1941	49
2939	547	24
2940	152	42
2941	375	36
2942	3028	12
2943	492	28
2944	2814	28
2945	76	168
2946	823	22
2947	3088	38
2948	654	0
2949	2980	22
2950	180	0
2951	208	0
2952	251	16
2953	2483	0
2954	2774	0
2955	1593	43
2956	24	58
2957	2482	25
2958	3033	32
2959	2902	0
2960	3180	0
2961	1341	42
2962	2724	31
2963	920	30
2964	215	0
2965	287	0
2966	424	33
2967	636	46
2968	2205	29
2969	244	0
2970	35	27
2971	2493	0
2972	112	0
2973	3036	24
2974	2495	53
2975	2789	39
2976	2790	0
2977	412	5
2978	2791	44
2979	239	35
2980	1526	33
2981	589	39
2982	84	36
2983	2796	20
2984	424	26
2985	2498	37
2986	848	29
2987	1969	53
2988	1524	28
2989	212	24
2990	1866	28
2991	243	52
2992	414	57
2993	2918	0
2994	779	0
2995	514	21
2996	1829	0
2997	309	50
2998	851	0
2999	521	26
3000	1195	0
3001	3040	32
3002	19	47
3003	3041	0
3004	1046	47
3005	3042	59
3006	27	46
3007	61	0
3008	2502	53
3009	146	42
3010	2808	27
3011	45	59
3012	28	36
3013	1805	36
3014	2516	0
3015	2665	35
3016	152	47
3017	8	0
3018	2066	0
3019	3045	41
3020	1410	35
3021	141	0
3022	1930	32
3023	3048	46
3024	2507	46
3025	1126	41
3026	319	33
3027	424	29
3028	2488	0
3029	2822	0
3030	697	30
3031	2234	35
3032	1182	39
3033	2826	35
3034	1242	38
3035	1161	18
3036	2828	0
3037	2830	24
3038	23	18
3039	1110	0
3040	1005	0
3041	889	51
3042	3055	24
3043	1616	0
3044	360	25
3045	2835	0
3046	720	53
3047	1836	39
3048	1777	31
3049	106	30
3050	1473	23
3051	2749	37
3052	76	44
3053	2169	0
3054	208	28
3055	2093	43
3056	599	34
3057	3058	27
3058	702	0
3059	1341	2
3060	506	35
3061	29	59
3062	73	27
3063	2266	12
3064	152	0
3065	720	0
3066	747	54
3067	1017	25
3068	1236	40
3069	282	16
3070	2175	38
3071	1385	0
3072	2115	44
3073	2520	48
3074	2849	46
3075	76	69
3076	2131	59
3077	2347	0
3078	1485	0
3079	553	0
3080	61	35
3081	3063	38
3082	165	32
3083	3065	50
3084	2735	0
3085	1906	30
3086	2857	37
3087	2966	0
3088	123	0
3089	263	0
3090	2510	55
3091	1315	36
3092	46	30
3093	88	23
3094	1352	47
3095	3066	0
3096	2809	23
3097	729	0
3098	2998	41
3099	1128	0
3100	2867	26
3101	76	0
3102	2524	0
3103	3	26
3104	1082	47
3105	2528	0
3106	3129	35
3107	2869	39
3108	8	0
3109	3071	36
3110	1339	26
3111	412	37
3112	318	26
3113	79	0
3114	1119	48
3115	2585	33
3116	24	32
3117	540	0
3118	147	0
3119	76	0
3120	2225	35
3121	2534	60
3122	1102	0
3123	688	63
3124	2885	69
3125	84	44
3126	1440	23
3127	115	50
3128	2359	0
3129	102	37
3130	931	148
3131	557	0
3132	3032	57
3133	2075	38
3134	3226	17
3135	636	36
3136	131	24
3137	1327	24
3138	3089	57
3139	2540	30
3140	2572	57
3141	586	48
3142	11	22
3143	915	31
3144	487	54
3145	1110	33
3146	601	23
3147	581	39
3148	1436	27
3149	3077	54
3150	85	37
3151	1607	18
3152	1677	32
3153	287	36
3154	889	27
3155	106	53
3156	2910	0
3157	2913	32
3158	1468	41
3159	3162	43
3160	29	0
3161	403	76
3162	1657	0
3163	2919	0
3164	1237	0
3165	20	34
3166	2420	27
3167	324	45
3168	811	36
3169	160	0
3170	3086	48
3171	19	29
3172	899	24
3173	892	0
3174	1099	27
3175	2114	39
3176	143	37
3177	1396	26
3178	2553	0
3179	3197	30
3180	2555	67
3181	76	0
3182	831	0
3183	2601	0
3184	487	0
3185	673	38
3186	54	0
3187	2311	46
3188	1471	38
3189	431	35
3190	1574	54
3191	1654	39
3192	20	56
3193	3090	0
3194	23	27
3195	54	50
3196	212	33
3197	2934	0
3198	97	35
3199	1550	0
3200	40	24
3201	935	0
3202	1840	0
3203	601	32
3204	3358	38
3205	423	20
3206	892	0
3207	2731	45
3208	3095	0
3209	570	28
3210	3317	25
3211	3098	30
3212	2943	48
3213	2944	1
3214	2274	42
3215	6	29
3216	3321	0
3217	2947	39
3218	2948	32
3219	97	27
3220	1185	61
3221	2277	20
3222	2674	41
3223	563	25
3224	2561	36
3225	2897	48
3226	2077	29
3227	726	36
3228	1410	0
3229	2954	0
3230	2956	24
3231	147	26
3232	2957	0
3233	1020	0
3234	3102	0
3235	987	27
3236	2565	30
3237	2808	51
3238	1637	29
3239	1218	31
3240	147	42
3241	330	56
3242	2961	33
3243	99	27
3244	581	54
3245	1915	65
3246	2490	30
3247	552	0
3248	2964	39
3249	3105	0
3250	85	0
3251	786	62
3252	1132	0
3253	714	17
3254	1361	0
3255	227	0
3256	2569	33
3257	205	22
3258	190	0
3259	2969	0
3260	2543	27
3261	29	29
3262	437	36
3263	2573	21
3264	668	38
3265	44	25
3266	84	36
3267	493	43
3268	288	0
3269	2529	37
3270	3234	25
3271	1472	46
3272	501	32
3273	2575	42
3274	19	0
3275	88	30
3276	628	27
3277	499	0
3278	2974	0
3279	1366	0
3280	1006	18
3281	3142	24
3282	147	28
3283	847	36
3284	1405	33
3285	996	41
3286	1533	33
3287	2979	0
3288	98	0
3289	403	46
3290	1654	32
3291	2895	0
3292	3118	0
3293	1101	25
3294	8	27
3295	1088	24
3296	2286	55
3297	1966	0
3298	85	24
3299	1679	45
3300	2987	0
3301	1032	27
3302	380	0
3303	1977	34
3304	2755	23
3305	570	26
3306	2990	0
3307	2702	26
3308	495	0
3309	2991	36
3310	29	33
3311	1442	44
3312	0	25
3313	2581	27
3314	3127	53
3315	1283	30
3316	24	0
3317	2091	32
3318	39	38
3319	2997	18
3320	286	36
3321	1799	49
3322	247	29
3323	2583	42
3324	1023	40
3325	567	26
3326	2999	31
3327	461	23
3328	1154	53
3329	1954	0
3330	3132	0
3331	3133	0
3332	3134	0
3333	659	33
3334	1772	0
3335	857	37
3336	1784	37
3337	1955	43
3338	3137	38
3339	208	37
3340	3028	13
3341	2589	0
3342	212	0
3343	161	50
3344	191	41
3345	20	0
3346	3013	0
3347	363	23
3348	519	0
3349	3015	57
3350	71	24
3351	40	36
3352	1948	34
3353	924	30
3354	1249	43
3355	2590	44
3356	173	26
3357	2094	0
3358	2591	18
3359	292	28
3360	2541	0
3361	392	0
3362	3	0
3363	2593	62
3364	3145	31
3365	3146	32
3366	3024	0
3367	1520	23
3368	1898	23
3369	45	0
3370	626	0
3371	695	0
3372	1654	32
3373	99	33
3374	293	46
3375	1591	36
3376	2519	21
3377	913	54
3378	3155	0
3379	2117	27
3380	503	18
3381	1323	0
3382	19	44
3383	3159	0
3384	60	22
3385	3029	33
3386	366	39
3387	688	0
3388	2605	31
3389	9	18
3390	44	34
3391	1643	59
3392	1498	28
3393	104	0
3394	3164	18
3395	1524	0
3396	2004	61
3397	581	31
3398	487	40
3399	507	0
3400	325	25
3401	72	34
3402	1033	17
3403	24	40
3404	2608	43
3405	1289	0
3406	93	52
3407	452	39
3408	2315	49
3409	1838	0
3410	19	0
3411	391	43
3412	54	29
3413	875	0
3414	1693	0
3415	2164	31
3416	1405	26
3417	567	23
3418	3167	0
3419	394	40
3420	474	35
3421	19	20
3422	2091	0
3423	929	0
3424	778	0
3425	1326	103
3426	152	0
3427	1285	33
3428	152	37
3429	2708	0
3430	150	26
3431	560	32
3432	1625	28
3433	2670	44
3434	569	38
3435	487	17
3436	40	47
3437	721	32
3438	608	36
3439	152	0
3440	933	65
3441	28	25
3442	2010	32
3443	1471	0
3444	1478	0
3445	3044	0
3446	125	0
3447	357	33
3448	2073	31
3449	3046	38
3450	2059	0
3451	3047	0
3452	1689	0
3453	152	37
3454	1887	63
3455	3052	45
3456	1699	16
3457	84	0
3458	923	31
3459	2623	43
3460	2055	37
3461	141	41
3462	39	47
3463	999	0
3464	1415	68
3465	970	36
3466	415	20
3467	2468	36
3468	412	32
3469	495	26
3470	2705	29
3471	351	51
3472	99	35
3473	3181	41
3474	1556	56
3475	1173	0
3476	2595	43
3477	3082	26
3478	3184	28
3479	66	32
3480	2632	29
3481	2866	0
3482	431	38
3483	3087	0
3484	3325	20
3485	1223	35
3486	1088	68
3487	1565	41
3488	212	0
3489	1204	0
3490	2904	31
3491	3061	0
3492	3187	23
3493	850	25
3494	506	63
3495	3163	0
3496	1275	27
3497	609	49
3498	2638	79
3499	745	33
3500	76	30
3501	1627	30
3502	2013	78
3503	2050	34
3504	598	23
3505	523	38
3506	1455	42
3507	1015	44
3508	3070	26
3509	3192	47
3510	391	32
3511	2521	0
3512	1744	0
3513	1562	32
3514	1388	30
3515	868	44
3516	8	28
3517	1322	0
3518	234	0
3519	913	0
3520	297	57
3521	1954	0
3522	2747	35
3523	2444	31
3524	147	57
3525	3200	52
3526	2646	0
3527	612	31
3528	1360	52
3529	431	38
3530	2783	0
3531	3424	0
3532	142	34
3533	3203	42
3534	201	23
3535	1801	24
3536	152	0
3537	2689	57
3538	822	0
3539	2019	20
3540	2656	0
3541	351	29
3542	3080	0
3543	1117	0
3544	105	0
3545	3083	0
3546	1300	24
3547	950	25
3548	780	35
3549	2771	39
3550	552	33
3551	2381	40
3552	3210	32
3553	2571	0
3554	106	23
3555	84	44
3556	1931	58
3557	2667	0
3558	98	49
3559	92	45
3560	581	0
3561	100	0
3562	2668	29
3563	997	0
3564	2930	41
3565	2412	54
3566	2671	0
3567	2041	0
3568	263	26
3569	35	49
3570	1333	37
3571	22	0
3572	403	28
3573	1164	39
3574	478	53
3575	2850	41
3576	3219	27
3577	1526	40
3578	278	42
3579	1858	0
3580	147	32
3581	1398	51
3582	3092	25
3583	3093	0
3584	602	57
3585	263	36
3586	996	0
3587	553	42
3588	3094	39
3589	550	0
3590	60	25
3591	1016	34
3592	142	57
3593	3379	0
3594	123	40
3595	1694	0
3596	54	38
3597	569	43
3598	338	0
3599	100	0
3600	2602	0
3601	3227	47
3602	1194	35
3603	718	41
3604	884	36
3605	3313	44
3606	907	30
3607	658	40
3608	3106	34
3609	827	0
3610	2179	30
3611	492	0
3612	1718	37
3613	24	48
3614	2106	0
3615	142	0
3616	2680	0
3617	3112	0
3618	147	0
3619	125	34
3620	3110	0
3621	907	26
3622	1608	0
3623	3237	0
3624	382	51
3625	3116	40
3626	1194	43
3627	3238	24
3628	2234	0
3629	2641	63
3630	2379	24
3631	3119	0
3632	1106	31
3633	133	28
3634	87	42
3635	1296	24
3636	2687	34
3637	3121	43
3638	1943	54
3639	212	58
3640	3124	50
3641	3126	54
3642	2692	0
3643	2235	40
3644	317	0
3645	1379	0
3646	314	26
3647	3128	0
3648	3247	48
3649	1612	23
3650	318	38
3651	3130	19
3652	19	22
3653	660	0
3654	919	39
3655	1063	0
3656	863	34
3657	24	0
3658	3399	31
3659	1421	29
3660	863	31
3661	3135	50
3662	100	47
3663	382	60
3664	1419	25
3665	3255	43
3666	801	57
3667	2525	29
3668	125	30
3669	1087	35
3670	496	44
3671	496	26
3672	351	51
3673	847	39
3674	2022	0
3675	3259	35
3676	1700	0
3677	60	26
3678	3150	21
3679	553	0
3680	3153	0
3681	3154	20
3682	2091	0
3683	1905	33
3684	609	20
3685	3156	57
3686	2709	36
3687	76	0
3688	1357	47
3689	35	29
3690	147	38
3691	2257	55
3692	52	0
3693	3160	78
3694	2492	24
3695	521	0
3696	2588	52
3697	1013	29
3698	1316	36
3699	3267	0
3700	1451	54
3701	2133	51
3702	1709	0
3703	1070	27
3704	2072	0
3705	54	0
3706	979	0
3707	658	33
3708	3271	50
3709	19	24
3710	284	40
3711	1882	30
3712	1796	50
3713	1082	0
3714	908	55
3715	889	34
3716	2718	43
3717	431	71
3718	719	24
3719	2207	51
3720	159	25
3721	3170	26
3722	1557	34
3723	3171	48
3724	3172	42
3725	3376	55
3726	286	30
3727	610	43
3728	1496	45
3729	384	0
3730	869	29
3731	3151	0
3732	1794	35
3733	6	35
3734	3165	22
3735	8	23
3736	6	17
3737	2067	0
3738	1485	21
3739	1242	23
3740	147	36
3741	2801	24
3742	2727	56
3743	152	0
3744	2488	33
3745	1282	33
3746	99	33
3747	45	47
3748	36	43
3749	1565	69
3750	212	62
3751	73	34
3752	152	29
3753	101	37
3754	3186	57
3755	1098	27
3756	421	37
3757	287	0
3758	857	23
3759	509	26
3760	608	0
3761	3189	41
3762	2652	52
3763	74	0
3764	1219	0
3765	287	27
3766	1489	38
3767	98	33
3768	514	35
3769	3289	54
3770	223	31
3771	3195	32
3772	270	22
3773	1493	35
3774	2784	0
3775	3197	0
3776	1242	0
3777	1312	27
3778	1883	0
3779	3293	18
3780	2479	0
3781	1045	0
3782	503	0
3783	1242	27
3784	3202	43
3785	152	29
3786	1228	90
3787	3204	23
3788	3073	18
3789	218	29
3790	833	35
3791	2113	0
3792	2373	0
3793	2239	0
3794	3296	36
3795	1347	20
3796	3209	0
3797	147	32
3798	1615	35
3799	131	23
3800	322	45
3801	637	32
3802	3218	28
3803	218	26
3804	268	22
3805	8	31
3806	2425	36
3807	125	48
3808	1547	41
3809	3140	26
3810	276	36
3811	995	31
3812	2751	0
3813	1189	0
3814	324	39
3815	652	0
3816	1327	21
3817	287	34
3818	99	31
3819	3225	35
3820	125	29
3821	3303	18
3822	1744	32
3823	1290	0
3824	2435	22
3825	3230	20
3826	642	15
3827	845	31
3828	3232	30
3829	147	39
3830	11	20
3831	3236	54
3832	260	0
3833	25	0
3834	789	28
3835	1907	20
3836	728	0
3837	3240	31
3838	2514	43
3839	60	29
3840	3312	0
3841	152	62
3842	1871	19
3843	1235	21
3844	601	60
3845	1686	19
3846	3115	0
3847	3244	0
3848	3245	0
3849	85	29
3850	257	37
3851	2091	39
3852	220	0
3853	3248	33
3854	1981	44
3855	550	47
3856	63	26
3857	661	0
3858	3318	51
3859	583	36
3860	24	0
3861	100	0
3862	1775	27
3863	2442	25
3864	2160	0
3865	84	0
3866	2341	0
3867	3256	0
3868	3257	34
3869	104	0
3870	1875	0
3871	3173	31
3872	1894	29
3873	962	35
3874	125	28
3875	1262	25
3876	3326	0
3877	3263	0
3878	142	0
3879	1602	0
3880	1390	37
3881	173	0
3882	1680	51
3883	3050	62
3884	37	48
3885	3268	51
3886	804	35
3887	3329	47
3888	1192	32
3889	998	23
3890	1136	0
3891	3333	54
3892	349	0
3893	3334	55
3894	295	0
3895	1411	0
3896	3274	33
3897	180	23
3898	2908	32
3899	100	64
3900	3276	2
3901	2775	0
3902	1015	19
3903	611	45
3904	423	58
3905	190	34
3906	1756	40
3907	1191	38
3908	152	0
3909	8	0
3910	2780	0
3911	669	0
3912	2194	0
3913	3341	29
3914	24	38
3915	2627	34
3916	1659	0
3917	1903	45
3918	429	32
3919	3284	0
3920	3285	0
3921	1350	0
3922	2025	39
3923	918	49
3924	1898	44
3925	3342	0
3926	2785	0
3927	208	0
3928	147	19
3929	934	29
3930	2324	43
3931	61	34
3932	1801	57
3933	282	43
3934	63	26
3935	142	28
3936	778	0
3937	3351	35
3938	1779	29
3939	147	26
3940	3294	26
3941	2318	29
3942	859	32
3943	991	38
3944	563	35
3945	987	27
3946	786	53
3947	1176	28
3948	666	27
3949	996	18
3950	125	37
3951	493	14
3952	1694	0
3953	1627	0
3954	84	0
3955	24	23
3956	1507	0
3957	521	25
3958	37	0
3959	511	49
3960	2994	29
3961	2301	23
3962	487	41
3963	507	23
3964	1374	23
3965	3304	49
3966	783	40
3967	3307	27
3968	1465	29
3969	3366	25
3970	360	32
3971	24	0
3972	3367	40
3973	2803	41
3974	370	35
3975	3316	0
3976	1581	0
3977	1343	31
3978	3371	39
3979	476	0
3980	215	0
3981	212	29
3982	3374	30
3983	586	28
3984	1702	28
3985	123	34
3986	3322	42
3987	8	0
3988	1835	33
3989	378	28
3990	3092	46
3991	3330	0
3992	3378	36
3993	2811	30
3994	2393	29
3995	287	34
3996	2601	41
3997	3016	28
3998	2729	0
3999	1939	0
4000	2058	0
4001	1293	28
4002	3336	37
4003	2813	34
4004	503	34
4005	87	53
4006	2350	0
4007	1106	26
4008	2302	35
4009	326	26
4010	76	0
4011	3382	44
4012	3383	27
4013	1890	28
4014	2816	45
4015	712	0
4016	412	25
4017	919	52
4018	1256	34
4019	758	0
4020	2821	26
4021	562	28
4022	39	36
4023	403	0
4024	3387	23
4025	3388	44
4026	554	23
4027	1514	41
4028	461	26
4029	1632	56
4030	1434	0
4031	1828	45
4032	1736	0
4033	461	31
4034	3392	18
4035	150	33
4036	329	25
4037	24	32
4038	2827	78
4039	161	0
4040	3419	42
4041	24	55
4042	60	0
4043	28	26
4044	54	30
4045	1726	28
4046	147	40
4047	8	37
4048	696	0
4049	3352	43
4050	1903	48
4051	3354	16
4052	3355	0
4053	147	0
4054	300	28
4055	2837	0
4056	2091	42
4057	24	54
4058	23	29
4059	3281	26
4060	76	27
4061	615	0
4062	2355	0
4063	8	40
4064	2283	28
4065	2839	29
4066	8	53
4067	520	18
4068	263	30
4069	19	57
4070	3403	0
4071	152	0
4072	2703	41
4073	2091	39
4074	3363	35
4075	630	59
4076	3405	43
4077	619	33
4078	739	49
4079	2657	35
4080	6	42
4081	2604	0
4082	2091	29
4083	2992	50
4084	521	0
4085	2560	51
4086	2699	36
4087	180	23
4088	2475	24
4089	3409	0
4090	1725	23
4091	3373	34
4092	3400	32
4093	3377	0
4094	581	0
4095	9	30
4096	123	32
4097	431	57
4098	3414	40
4099	1466	23
4100	3	39
4101	431	0
4102	726	57
4103	3417	40
4104	3418	34
4105	3380	0
4106	24	51
4107	243	0
4108	2896	0
4109	512	0
4110	3381	0
4111	24	24
4112	428	0
4113	1882	44
4114	2853	0
4115	397	33
4116	138	31
4117	1661	0
4118	2207	33
4119	626	0
4120	3384	38
4121	3049	0
4122	1375	57
4123	3	41
4124	1122	17
4125	3080	21
4126	3385	41
4127	2856	56
4128	3386	26
4129	78	21
4130	3425	26
4131	3426	0
4132	729	32
4133	3428	66
4134	142	38
4135	724	0
4136	2121	0
4137	2858	30
4138	2040	55
4139	496	42
4140	670	32
4141	3431	45
4142	1638	0
4143	715	50
4144	3286	0
4145	1751	0
4146	1989	0
4147	1722	36
4148	29	0
4149	1792	31
4150	955	46
4151	147	0
4152	100	0
4153	2797	38
4154	3433	0
4155	73	28
4156	2452	20
4157	3345	0
4158	25	0
4159	1861	0
4160	3394	26
4161	152	0
4162	3396	37
4163	1790	29
4164	2009	0
4165	106	29
4166	470	33
4167	2185	0
4168	1353	0
4169	809	37
4170	643	0
4171	2707	31
4172	339	44
4173	745	30
4174	84	0
4175	1832	0
4176	3404	45
4177	84	32
4178	1795	0
4179	29	40
4180	3437	39
4181	3410	35
4182	126	47
4183	212	34
4184	938	58
4185	2298	20
4186	1290	33
4187	3411	0
4188	3438	0
4189	28	0
4190	2870	26
4191	1410	23
4192	534	40
4193	8	27
4194	3415	0
4195	196	42
4196	2871	0
4197	3416	48
4198	3212	0
4199	1554	51
4200	729	0
4201	106	0
4202	104	0
4203	266	34
4204	1306	29
4205	516	34
4206	2265	27
4207	84	0
4208	3422	40
4209	1420	0
4210	3443	18
4211	72	0
4212	787	18
4213	3427	0
4214	295	31
4215	553	48
4216	1029	0
4217	258	0
4218	88	37
4219	3430	0
4220	552	28
4221	72	58
4222	1212	0
4223	741	35
4224	1244	0
4225	1038	36
4226	611	62
4227	1708	36
4228	338	0
4229	1496	0
4230	1553	0
4231	1660	0
4232	2859	31
4233	184	0
4234	487	57
4235	106	45
4236	729	33
4237	2123	23
4238	1752	0
4239	391	0
4240	2048	24
4241	3372	18
4242	3440	0
4243	2143	0
4244	1542	30
4245	3441	36
4246	147	32
4247	793	18
4248	1805	0
4249	495	0
4250	3451	0
4251	493	50
4252	1386	80
4253	2824	0
4254	28	0
4255	2261	0
4256	262	31
4257	2852	0
4258	349	0
4259	1800	26
4260	2464	116
4261	626	41
4262	287	0
4263	613	61
4264	1169	26
4265	1844	52
4266	3446	26
4267	3447	0
4268	2898	27
4269	2595	45
4270	1075	26
4271	444	24
4272	2207	38
4273	3450	34
4274	123	45
4275	472	25
4276	3206	0
4277	540	30
4278	37	38
4279	54	46
4280	2880	0
4281	13	0
4282	147	28
4283	8	0
4284	17	35
4285	147	51
4286	21	40
4287	1203	36
4288	26	37
4289	3	14
4290	2905	18
4291	24	35
4292	147	54
4293	258	48
4294	3412	0
4295	2	35
4296	123	0
4297	3229	46
4298	218	4
4299	7	0
4300	30	24
4301	31	27
4302	2029	0
4303	280	0
4304	147	40
4305	2294	48
4306	601	24
4307	776	41
4308	1282	0
4309	2909	0
4310	639	57
4311	2641	0
4312	432	54
4313	1585	0
4314	318	31
4315	22	34
4316	1536	67
4317	130	37
4318	403	49
4319	23	28
4320	699	31
4321	1932	37
4322	201	0
4323	1740	35
4324	2287	0
4325	49	24
4326	2038	39
4327	1038	33
4328	1026	16
4329	2002	16
4330	729	0
4331	2066	35
4332	317	37
4333	192	25
4334	3	0
4335	104	37
4336	270	0
4337	142	0
4338	247	0
4339	1032	40
4340	649	36
4341	440	56
4342	952	34
4343	2818	36
4344	3281	50
4345	1094	29
4346	67	59
4347	2917	35
4348	76	13
4349	454	31
4350	2920	19
4351	2921	0
4352	2135	46
4353	569	51
4354	1153	35
4355	677	36
4356	1338	27
4357	2237	20
4358	1341	48
4359	1502	53
4360	1096	35
4361	3142	24
4362	2467	34
4363	2094	0
4364	1322	37
4365	556	43
4366	82	43
4367	328	0
4368	65	36
4369	506	37
4370	2738	27
4371	140	0
4372	1550	21
4373	487	46
4374	41	38
4375	3	42
4376	24	38
4377	1607	36
4378	731	48
4379	1652	45
4380	2097	0
4381	459	0
4382	1140	49
4383	79	0
4384	96	0
4385	123	47
4386	1850	0
4387	1691	24
4388	424	31
4389	264	61
4390	1713	61
4391	356	0
4392	424	40
4393	432	33
4394	1426	21
4395	284	31
4396	349	16
4397	88	38
4398	569	0
4399	2923	0
4400	2734	0
4401	3	52
4402	39	0
4403	2488	44
4404	338	204
4405	3220	47
4406	132	209
4407	134	38
4408	330	30
4409	1499	55
4410	6	0
4411	395	27
4412	72	30
4413	2929	38
4414	1528	45
4415	23	35
4416	3264	37
4417	144	33
4418	615	52
4419	581	47
4420	76	18
4421	1029	0
4422	828	31
4423	60	0
4424	2932	0
4425	2044	47
4426	3261	24
4427	1583	36
4428	3081	38
4429	162	33
4430	1282	30
4431	242	33
4432	1492	27
4433	166	61
4434	3050	0
4435	1999	0
4436	129	30
4437	476	53
4438	3348	37
4439	10	42
4440	48	0
4441	1929	33
4442	8	0
4443	415	27
4444	176	0
4445	398	0
4446	831	42
4447	340	0
4448	2860	59
4449	76	33
4450	186	0
4451	2937	32
4452	944	0
4453	139	22
4454	242	47
4455	532	57
4456	721	41
4457	76	0
4458	2938	0
4459	241	35
4460	3154	0
4461	263	29
4462	147	36
4463	349	0
4464	2606	0
4465	926	36
4466	2940	0
4467	1896	0
4468	525	38
4469	142	0
4470	209	21
4471	403	0
4472	151	49
4473	72	37
4474	147	34
4475	553	33
4476	589	0
4477	214	52
4478	288	0
4479	2582	54
4480	216	29
4481	457	0
4482	219	0
4483	3449	0
4484	72	34
4485	2945	27
4486	1909	42
4487	2717	36
4488	222	49
4489	735	28
4490	28	0
4491	72	25
4492	163	41
4493	1037	35
4494	2949	19
4495	225	0
4496	278	29
4497	50	32
4498	2950	48
4499	229	0
4500	1080	30
4501	60	26
4502	287	26
4503	1049	23
4504	247	0
4505	297	25
4506	349	1
4507	237	40
4508	19	0
4509	1647	30
4510	318	27
4511	2952	0
4512	856	22
4513	40	51
4514	1443	0
4515	263	21
4516	1855	31
4517	61	32
4518	246	0
4519	1068	42
4520	1157	32
4521	152	0
4522	1209	0
4523	971	0
4524	100	26
4525	619	36
4526	338	26
4527	180	38
4528	328	55
4529	19	31
4530	1768	32
4531	1475	17
4532	934	59
4533	25	22
4534	8	30
4535	207	0
4536	831	16
4537	820	0
4538	1033	0
4539	8	34
4540	1283	19
4541	2200	27
4542	6	24
4543	247	29
4544	1460	27
4545	1716	36
4546	556	0
4547	660	0
4548	3393	0
4549	431	33
4550	540	44
4551	1242	0
4552	1867	65
4553	301	43
4554	939	39
4555	735	35
4556	234	0
4557	2971	44
4558	244	24
4559	1026	47
4560	617	76
4561	493	20
4562	487	22
4563	570	28
4564	1030	33
4565	847	0
4566	238	0
4567	315	48
4568	54	50
4569	1911	29
4570	536	0
4571	327	34
4572	333	0
4573	234	41
4574	76	49
4575	335	0
4576	2344	0
4577	905	0
4578	556	34
4579	242	27
4580	1153	21
4581	888	30
4582	248	21
4583	398	32
4584	252	0
4585	253	29
4586	254	0
4587	199	0
4588	2907	25
4589	412	32
4590	104	0
4591	1811	47
4592	1535	44
4593	2488	44
4594	18	30
4595	63	28
4596	613	33
4597	2958	35
4598	2269	31
4599	85	35
4600	172	56
4601	358	0
4602	123	37
4603	2984	30
4604	212	34
4605	701	44
4606	371	32
4607	412	0
4608	123	0
4609	367	31
4610	84	33
4611	227	34
4612	54	47
4613	2986	27
4614	1573	25
4615	2039	0
4616	24	28
4617	282	48
4618	268	43
4619	80	51
4620	5	0
4621	2429	57
4622	2988	23
4623	1472	0
4624	2114	0
4625	591	41
4626	1190	0
4627	1743	46
4628	460	0
4629	391	0
4630	281	61
4631	258	32
4632	2281	29
4633	2993	30
4634	1033	18
4635	553	41
4636	2995	24
4637	2996	23
4638	126	0
4639	3432	0
4640	1327	0
4641	671	0
4642	1410	42
4643	399	32
4644	1307	33
4645	1276	0
4646	131	32
4647	718	37
4648	496	25
4649	3019	43
4650	815	35
4651	3003	34
4652	3110	0
4653	1782	64
4654	405	34
4655	1981	0
4656	2829	52
4657	1	0
4658	1772	0
4659	2295	0
4660	201	36
4661	2114	29
4662	3011	44
4663	212	37
4664	1431	0
4665	3344	33
4666	1937	43
4667	869	0
4668	422	0
4669	889	35
4670	1458	0
4671	715	36
4672	3017	0
4673	816	32
4674	303	33
4675	1903	28
4676	827	0
4677	3359	21
4678	433	45
4679	310	59
4680	312	0
4681	434	17
4682	152	1
4683	54	0
4684	2148	59
4685	244	30
4686	3022	48
4687	142	0
4688	76	26
4689	263	39
4690	503	0
4691	761	35
4692	385	31
4693	2347	34
4694	2171	38
4695	610	52
4696	124	17
4697	1551	29
4698	29	0
4699	304	44
4700	632	36
4701	3025	54
4702	977	34
4703	402	41
4704	455	65
4705	2285	47
4706	84	30
4707	2510	43
4708	147	37
4709	212	32
4710	1113	22
4711	1066	19
4712	467	0
4713	1405	35
4714	3078	27
4715	475	40
4716	479	63
4717	1079	26
4718	2034	28
4719	480	22
4720	2339	0
4721	1146	27
4722	1374	57
4723	490	39
4724	100	42
4725	553	60
4726	494	26
4727	3240	0
4728	133	0
4729	382	50
4730	145	0
4731	497	0
4732	130	24
4733	161	44
4734	3424	0
4735	23	36
4736	3031	0
4737	2204	0
4738	270	0
4739	1238	27
4740	125	38
4741	502	0
4742	2106	0
4743	726	20
4744	426	23
4745	84	0
4746	98	26
4747	1760	37
4748	3034	0
4749	1522	34
4750	431	0
4751	385	33
4752	9	20
4753	505	52
4754	9	28
4755	3345	0
4756	2362	30
4757	76	32
4758	3250	56
4759	461	18
4760	949	32
4761	60	38
4762	324	25
4763	2415	21
4764	2044	0
4765	125	28
4766	28	28
4767	164	35
4768	406	26
4769	3322	0
4770	3306	44
4771	54	0
4772	2324	26
4773	1847	31
4774	396	39
4775	1601	0
4776	768	0
4777	1106	49
4778	400	32
4779	3018	32
4780	147	0
4781	297	49
4782	389	46
4783	2378	39
4784	255	39
4785	15	35
4786	50	25
4787	547	0
4788	2048	33
4789	404	21
4790	548	29
4791	1807	20
4792	104	25
4793	453	33
4794	417	26
4795	410	0
4796	3039	0
4797	8	27
4798	1225	0
4799	859	39
4800	2358	0
4801	485	26
4802	3295	30
4803	2024	0
4804	2111	0
4805	1709	31
4806	2603	36
4807	23	0
4808	38	52
4809	2468	43
4810	1628	19
4811	1701	0
4812	1883	40
4813	2885	39
4814	131	0
4815	211	0
4816	1686	41
4817	72	58
4818	1667	37
4819	121	46
4820	2262	37
4821	586	36
4822	1706	34
4823	876	0
4824	72	19
4825	27	0
4826	84	0
4827	1445	0
4828	338	23
4829	76	52
4830	4	45
4831	590	26
4832	3353	34
4833	592	43
4834	76	38
4835	593	58
4836	2365	28
4837	69	0
4838	600	0
4839	792	0
4840	1338	14
4841	610	0
4842	1672	32
4843	28	22
4844	2217	0
4845	634	46
4846	877	34
4847	1867	60
4848	1002	34
4849	1412	31
4850	610	81
4851	117	57
4852	2925	25
4853	461	39
4854	1312	40
4855	621	23
4856	329	45
4857	1063	38
4858	400	35
4859	423	36
4860	218	38
4861	1172	28
4862	8	43
4863	2182	44
4864	123	28
4865	40	33
4866	8	26
4867	200	54
4868	851	21
4869	631	46
4870	3056	29
4871	3057	0
4872	482	0
4873	640	35
4874	488	33
4875	297	0
4876	1056	63
4877	2693	0
4878	1911	43
4879	2755	38
4880	60	36
4881	278	0
4882	650	58
4883	446	0
4884	2747	36
4885	670	34
4886	2088	0
4887	270	51
4888	125	28
4889	152	45
4890	2334	0
4891	546	19
4892	1431	0
4893	1835	40
4894	1853	0
4895	1504	35
4896	1888	44
4897	51	0
4898	278	37
4899	3402	58
4900	2619	36
4901	125	43
4902	6	55
4903	123	33
4904	20	39
4905	1567	41
4906	1285	0
4907	586	0
4908	2056	36
4909	6	34
4910	142	27
4911	685	0
4912	131	29
4913	820	42
4914	510	25
4915	2405	0
4916	513	0
4917	1	23
4918	2111	31
4919	515	42
4920	970	29
4921	3172	0
4922	11	0
4923	208	37
4924	1575	23
4925	342	41
4926	2022	38
4927	1	38
4928	3068	18
4929	391	39
4930	263	27
4931	3069	29
4932	1256	36
4933	526	49
4934	121	0
4935	1567	40
4936	530	48
4937	2647	42
4938	1285	28
4939	381	25
4940	713	53
4941	84	47
4942	255	0
4943	2704	0
4944	360	24
4945	1338	14
4946	180	0
4947	3000	0
4948	537	44
4949	538	0
4950	894	48
4951	1701	24
4952	2371	15
4953	2691	22
4954	696	0
4955	727	0
4956	2862	35
4957	859	27
4958	2460	43
4959	1489	66
4960	338	45
4961	1672	35
4962	1656	27
4963	20	0
4964	1085	0
4965	736	42
4966	1230	29
4967	247	40
4968	3228	49
4969	746	53
4970	1264	35
4971	729	0
4972	750	41
4973	747	35
4974	644	0
4975	1658	0
4976	135	0
4977	138	0
4978	3182	0
4979	1278	0
4980	2531	0
4981	1826	0
4982	1212	64
4983	370	53
4984	660	0
4985	3075	23
4986	609	30
4987	2234	47
4988	1635	0
4989	764	52
4990	2740	0
4991	73	0
4992	1972	0
4993	769	46
4994	770	0
4995	1809	28
4996	317	28
4997	3060	50
4998	243	0
4999	775	43
5000	8	21
5001	564	42
5002	3030	30
5003	2753	37
5004	28	38
5005	123	31
5006	2817	51
5007	476	0
5008	33	41
5009	2562	0
5010	937	26
5011	573	48
5012	2970	0
5013	2324	41
5014	3019	0
5015	624	24
5016	788	57
5017	626	34
5018	1419	48
5019	577	42
5020	844	46
5021	579	53
5022	1081	47
5023	1296	39
5024	584	37
5025	794	30
5026	340	38
5027	1410	57
5028	1242	0
5029	2410	24
5030	605	0
5031	1437	33
5032	24	45
5033	61	49
5034	287	25
5035	969	43
5036	1790	30
5037	2544	27
5038	787	0
5039	54	36
5040	100	27
5041	799	0
5042	1794	0
5043	522	34
5044	11	17
5045	2049	19
5046	2634	27
5047	831	50
5048	142	0
5049	805	53
5050	806	0
5051	570	42
5052	285	64
5053	147	29
5054	2129	41
5055	3347	47
5056	2620	53
5057	2012	0
5058	813	44
5059	603	22
5060	604	32
5061	549	41
5062	1829	65
5063	24	0
5064	2417	0
5065	818	25
5066	609	26
5067	1089	24
5068	2557	0
5069	29	0
5070	269	47
5071	2477	0
5072	487	34
5073	3293	41
5074	1188	21
5075	658	43
5076	1322	0
5077	73	24
5078	271	0
5079	8	42
5080	152	50
5081	147	50
5082	296	43
5083	547	0
5084	654	0
5085	147	0
5086	2351	34
5087	3299	25
5088	835	44
5089	839	41
5090	212	29
5091	841	58
5092	142	34
5093	467	0
5094	37	35
5095	198	0
5096	142	0
5097	431	0
5098	849	0
5099	217	42
5100	4	34
5101	431	0
5102	403	46
5103	338	63
5104	215	44
5105	103	19
5106	2122	32
5107	19	0
5108	92	49
5109	296	50
5110	142	30
5111	2645	21
5112	263	41
5113	645	25
5114	1110	0
5115	123	0
5116	3216	29
5117	2994	26
5118	684	0
5119	2468	40
5120	1649	67
5121	903	54
5122	29	0
5123	147	19
5124	864	0
5125	123	34
5126	1434	34
5127	651	0
5128	1489	9
5129	1709	30
5130	656	24
5131	1429	31
5132	657	0
5133	247	31
5134	3100	0
5135	393	0
5136	2715	67
5137	278	25
5138	29	0
5139	851	57
5140	11	0
5141	669	38
5142	192	55
5143	3026	30
5144	661	30
5145	3120	49
5146	1790	20
5147	440	26
5148	2783	32
5149	2697	0
5150	562	32
5151	1226	44
5152	878	40
5153	1329	0
5154	599	0
5155	234	0
5156	672	0
5157	1319	72
5158	1653	20
5159	3107	35
5160	2424	59
5161	977	31
5162	1654	54
5163	2881	42
5164	147	35
5165	893	50
5166	1363	0
5167	1081	41
5168	100	35
5169	897	16
5170	123	25
5171	1544	23
5172	2802	68
5173	1104	47
5174	258	39
5175	902	27
5176	1346	39
5177	646	54
5178	3074	41
5179	1542	23
5180	2879	23
5181	398	32
5182	2968	44
5183	1158	0
5184	694	35
5185	2463	35
5186	1596	0
5187	1811	69
5188	212	0
5189	703	33
5190	15	60
5191	24	33
5192	705	25
5193	2103	42
5194	865	29
5195	706	22
5196	2544	0
5197	179	0
5198	76	44
5199	45	46
5200	91	37
5201	466	0
5202	1378	0
5203	9	24
5204	3122	32
5205	2360	0
5206	2282	0
5207	106	29
5208	1143	25
5209	3123	47
5210	932	22
5211	417	29
5212	553	19
5213	919	23
5214	2600	30
5215	242	0
5216	2322	0
5217	198	56
5218	940	41
5219	282	15
5220	941	0
5221	63	24
5222	1150	27
5223	725	0
5224	2574	29
5225	6	0
5226	999	0
5227	1195	45
5228	2587	46
5229	1147	39
5230	899	38
5231	161	15
5232	20	0
5233	734	33
5234	957	0
5235	1796	36
5236	2109	29
5237	974	28
5238	121	61
5239	1219	0
5240	2068	43
5241	287	24
5242	2596	27
5243	496	36
5244	1187	26
5245	919	36
5246	2754	24
5247	19	0
5248	104	28
5249	391	25
5250	3148	0
5251	1829	46
5252	972	36
5253	2901	28
5254	3340	0
5255	867	31
5256	27	0
5257	1466	42
5258	1956	34
5259	453	30
5260	45	49
5261	1879	35
5262	403	0
5263	759	0
5264	610	43
5265	688	0
5266	760	0
5267	3201	0
5268	975	0
5269	340	47
5270	1131	0
5271	762	34
5272	256	46
5273	976	21
5274	804	34
5275	765	0
5276	3251	20
5277	831	0
5278	412	32
5279	19	0
5280	102	0
5281	2321	0
5282	1351	21
5283	771	38
5284	870	0
5285	3	0
5286	72	39
5287	204	24
5288	45	42
5289	708	37
5290	2101	51
5291	1490	36
5292	772	0
5293	2710	0
5294	487	34
5295	1472	22
5296	3147	0
5297	40	0
5298	545	43
5299	247	46
5300	7	51
5301	27	57
5302	242	40
5303	2700	0
5304	3152	32
5305	94	0
5306	2633	33
5307	243	33
5308	76	43
5309	3139	33
5310	3019	18
5311	8	56
5312	1494	0
5313	84	55
5314	450	0
5315	3157	0
5316	412	0
5317	981	47
5318	160	38
5319	3150	18
5320	1255	33
5321	339	34
5322	1006	26
5323	1862	0
5324	1548	16
5325	54	26
5326	2554	17
5327	642	27
5328	174	28
5329	1313	25
5330	268	50
5331	73	0
5332	297	61
5333	152	0
5334	2001	54
5335	1588	52
5336	14	0
5337	152	30
5338	1448	39
5339	1027	58
5340	653	29
5341	1310	31
5342	346	49
5343	3050	42
5344	291	47
5345	1810	14
5346	1405	26
5347	3166	0
5348	258	25
5349	539	14
5350	1363	0
5351	558	0
5352	270	43
5353	361	33
5354	72	37
5355	123	41
5356	2026	0
5357	1425	28
5358	487	42
5359	1592	0
5360	390	52
5361	76	71
5362	1041	51
5363	1042	18
5364	482	26
5365	297	24
5366	73	0
5367	1259	20
5368	1032	26
5369	3188	46
5370	2767	33
5371	586	40
5372	1202	32
5373	814	0
5374	967	40
5375	2378	33
5376	47	0
5377	1161	18
5378	152	61
5379	350	22
5380	3361	36
5381	1387	29
5382	130	27
5383	432	0
5384	220	46
5385	76	28
5386	1197	24
5387	2953	0
5388	1053	0
5389	180	0
5390	2875	32
5391	383	48
5392	514	38
5393	98	0
5394	2272	0
5395	1379	26
5396	2313	34
5397	243	32
5398	443	28
5399	2981	38
5400	1829	52
5401	3177	46
5402	296	21
5403	298	33
5404	1072	53
5405	844	0
5406	1007	25
5407	100	0
5408	439	33
5409	1411	33
5410	61	35
5411	666	0
5412	1077	34
5413	1110	20
5414	1711	26
5415	423	64
5416	391	49
5417	834	30
5418	679	0
5419	2297	52
5420	317	55
5421	1083	29
5422	147	28
5423	150	16
5424	133	46
5425	78	0
5426	747	0
5427	8	0
5428	1033	0
5429	585	33
5430	3179	34
5431	2873	33
5432	241	27
5433	1131	43
5434	1504	60
5435	1095	35
5436	1822	44
5437	2644	0
5438	184	42
5439	1797	56
5440	810	67
5441	1003	15
5442	3185	0
5443	1100	41
5444	804	31
5445	412	29
5446	553	55
5447	1762	28
5448	36	0
5449	658	23
5450	1131	39
5451	1583	42
5452	2359	0
5453	496	50
5454	274	0
5455	1271	44
5456	1809	31
5457	1115	26
5458	928	27
5459	860	31
5460	1032	31
5461	27	0
5462	518	57
5463	126	0
5464	831	0
5465	28	35
5466	1046	28
5467	19	0
5468	1753	26
5469	866	0
5470	368	23
5471	423	13
5472	3198	0
5473	1663	36
5474	3199	32
5475	774	33
5476	1137	0
5477	147	20
5478	2124	32
5479	3113	38
5480	1139	26
5481	528	39
5482	3008	51
5483	2639	48
5484	871	0
5485	830	0
5486	872	32
5487	2761	38
5488	774	31
5489	874	36
5490	3258	23
5491	2017	23
5492	1409	50
5493	2784	0
5494	362	31
5495	1986	53
5496	1145	32
5497	837	33
5498	401	0
5499	886	24
5500	167	31
5501	1143	44
5502	23	45
5503	173	64
5504	14	0
5505	2846	42
5506	2487	0
5507	3246	31
5508	6	20
5509	3161	0
5510	1779	32
5511	896	0
5512	387	0
5513	142	35
5514	1166	47
5515	95	37
5516	1667	50
5517	142	29
5518	160	23
5519	1032	24
5520	1167	44
5521	3207	0
5522	3208	27
5523	1526	13
5524	1175	0
5525	1174	12
5526	2612	29
5527	37	55
5528	1914	0
5529	2072	42
5530	242	49
5531	123	50
5532	586	30
5533	909	62
5534	1767	35
5535	1181	35
5536	81	0
5537	30	30
5538	2466	0
5539	1186	0
5540	911	32
5541	2202	0
5542	1198	53
5543	147	10
5544	796	28
5545	3214	24
5546	3215	58
5547	2776	28
5548	3217	46
5549	1201	53
5550	3365	47
5551	916	33
5552	1950	0
5553	85	29
5554	2708	40
5555	921	53
5556	102	0
5557	215	0
5558	247	34
5559	338	39
5560	1206	42
5561	3281	29
5562	297	22
5563	263	25
5564	612	31
5565	3221	17
5566	3144	50
5567	84	60
5568	1213	28
5569	986	26
5570	1472	0
5571	840	0
5572	762	0
5573	1576	29
5574	2451	23
5575	19	24
5576	810	47
5577	2953	35
5578	352	36
5579	3222	43
5580	1220	49
5581	344	0
5582	142	32
5583	2696	44
5584	943	51
5585	2431	38
5586	2551	0
5587	2386	26
5588	2103	59
5589	1227	46
5590	1322	26
5591	1644	17
5592	1673	23
5593	1851	0
5594	1234	50
5595	3343	61
5596	395	8
5597	956	0
5598	2237	21
5599	2845	0
5600	574	0
5601	1195	0
5602	1240	0
5603	919	43
5604	40	33
5605	295	54
5606	147	0
5607	9	37
5608	2797	84
5609	85	43
5610	678	29
5611	3233	26
5612	1861	0
5613	227	27
5614	609	37
5615	2349	0
5616	1250	0
5617	1809	0
5618	1286	0
5619	996	13
5620	624	26
5621	61	34
5622	861	55
5623	2457	51
5624	60	42
5625	2484	52
5626	1258	28
5627	1343	36
5628	1263	31
5629	2510	50
5630	2083	59
5631	1109	50
5632	1479	40
5633	54	0
5634	76	53
5635	3239	25
5636	2111	0
5637	3280	49
5638	450	55
5639	61	36
5640	84	0
5641	8	33
5642	19	0
5643	2499	31
5644	336	0
5645	3242	0
5646	1494	0
5647	1202	0
5648	688	43
5649	2476	62
5650	303	46
5651	1055	38
5652	1273	29
5653	1057	36
5654	270	50
5655	2799	26
5656	3145	57
5657	718	0
5658	639	56
5659	1036	55
5660	1280	0
5661	3249	0
5662	570	39
5663	258	0
5664	3027	19
5665	1118	0
5666	1472	39
5667	99	38
5668	1621	51
5669	6	33
5670	3252	31
5671	1287	24
5672	1205	0
5673	72	32
5674	2868	39
5675	1958	41
5676	1292	36
5677	29	32
5678	11	0
5679	1962	63
5680	3254	43
5681	40	0
5682	1297	0
5683	2994	56
5684	1887	51
5685	2100	18
5686	729	41
5687	2711	43
5688	2834	40
5689	123	0
5690	1941	31
5691	290	0
5692	2769	27
5693	737	26
5694	1305	30
5695	3194	0
5696	578	0
5697	2031	47
5698	424	19
5699	1009	37
5700	1541	48
5701	1683	43
5702	1660	51
5703	797	37
5704	1922	35
5705	1311	25
5706	473	33
5707	1103	61
5708	1496	0
5709	24	56
5710	1344	34
5711	978	44
5712	1343	22
5713	714	40
5714	907	17
5715	436	0
5716	1607	0
5717	2735	55
5718	1078	19
5719	412	23
5720	1105	36
5721	3262	0
5722	305	57
5723	8	0
5724	97	61
5725	552	0
5726	19	0
5727	2286	42
5728	898	31
5729	1054	30
5730	218	45
5731	493	35
5732	483	26
5733	1341	33
5734	2366	0
5735	1330	46
5736	1395	32
5737	1088	53
5738	76	32
5739	3266	29
5740	1034	42
5741	1332	35
5742	1504	34
5743	2621	24
5744	3269	0
5745	1794	26
5746	1941	31
5747	3270	0
5748	3114	30
5749	1016	18
5750	143	23
5751	19	0
5752	3151	18
5753	1074	33
5754	503	0
5755	131	49
5756	3452	19
5757	84	26
5758	54	34
5759	421	45
5760	859	29
5761	2178	24
5762	2018	35
5763	3453	48
5764	859	0
5765	3273	49
5766	1545	36
5767	2610	56
5768	954	0
5769	729	0
5770	709	32
5771	1349	57
5772	2759	27
5773	477	0
5774	324	30
5775	591	26
5776	493	28
5777	1047	29
5778	699	23
5779	444	0
5780	846	27
5781	180	21
5782	601	40
5783	1704	36
5784	1809	23
5785	1952	32
5786	123	61
5787	3174	32
5788	657	53
5789	1356	0
5790	2374	62
5791	899	30
5792	601	55
5793	2836	0
5794	403	29
5795	306	32
5796	185	52
5797	3277	29
5798	1923	24
5799	27	0
5800	23	51
5801	1286	26
5802	3279	24
5803	147	0
5804	601	26
5805	398	29
5806	1715	72
5807	24	62
5808	3044	23
5809	125	28
5810	3360	24
5811	1064	0
5812	1328	28
5813	1364	0
5814	1367	0
5815	147	0
5816	2149	34
5817	3283	0
5818	1368	0
5819	1004	72
5820	1731	59
5821	1106	22
5822	2206	54
5823	403	0
5824	877	27
5825	485	0
5826	487	36
5827	2462	33
5828	289	26
5829	2062	25
5830	546	20
5831	553	29
5832	1	29
5833	2927	35
5834	123	21
5835	487	42
5836	2773	42
5837	2145	0
5838	318	23
5839	1488	46
5840	20	31
5841	1126	14
5842	2360	46
5843	444	0
5844	852	0
5845	287	57
5846	3421	42
5847	402	0
5848	2173	0
5849	121	28
5850	1143	20
5851	2624	46
5852	1389	41
5853	60	37
5854	1570	66
5855	84	0
5856	1178	0
5857	316	32
5858	24	40
5859	1090	0
5860	3012	0
5861	2453	0
5862	147	50
5863	417	29
5864	1880	27
5865	3	33
5866	1092	0
5867	2491	0
5868	3348	35
5869	1401	49
5870	8	28
5871	1402	15
5872	1403	0
5873	581	31
5874	324	51
5875	1404	39
5876	1948	37
5877	32	0
5878	395	0
5879	431	38
5880	46	42
5881	2547	48
5882	1127	31
5883	78	0
5884	1407	103
5885	142	35
5886	69	22
5887	297	23
5888	1408	24
5889	424	31
5890	428	31
5891	1108	47
5892	1048	0
5893	2644	60
5894	3131	0
5895	443	37
5896	1421	24
5897	1165	27
5898	824	58
5899	431	19
5900	951	0
5901	1111	0
5902	450	0
5903	463	37
5904	131	27
5905	504	43
5906	28	33
5907	773	60
5908	894	0
5909	1413	39
5910	1242	23
5911	159	0
5912	922	21
5913	1526	0
5914	464	33
5915	218	34
5916	2072	39
5917	3224	0
5918	1125	31
5919	3300	49
5920	1422	0
5921	1423	0
5922	1176	0
5923	1058	0
5924	340	34
5925	786	0
5926	591	0
5927	485	0
5928	1026	25
5929	1637	21
5930	8	0
5931	8	38
5932	1430	20
5933	804	35
5934	1809	26
5935	385	19
5936	3038	46
5937	417	30
5938	625	0
5939	1436	0
5940	325	0
5941	598	0
5942	1134	0
5943	468	0
5944	1007	0
5945	334	0
5946	334	0
5947	1735	0
5948	1735	0
5949	625	0
5950	311	33
5951	142	29
5952	2559	0
5953	1022	59
5954	84	29
5955	1438	0
5956	3308	31
5957	3309	37
5958	152	33
5959	3310	51
5960	2193	0
5961	2845	22
5962	111	28
5963	1138	0
5964	441	27
5965	1445	16
5966	2477	0
5967	3136	39
5968	3314	32
5969	22	19
5970	550	0
5971	241	38
5972	1179	28
5973	1451	56
5974	123	27
5975	961	39
5976	1763	0
5977	1454	27
5978	2742	0
5979	609	43
5980	423	30
5981	3319	35
5982	244	0
5983	414	0
5984	241	33
5985	3104	0
5986	2126	30
5987	851	0
5988	1152	32
5989	729	30
5990	551	24
5991	1465	29
5992	3324	48
5993	220	0
5994	2863	0
5995	2152	0
5996	2085	55
5997	152	21
5998	203	0
5999	3416	43
6000	3117	24
6001	1496	0
6002	612	25
6003	3327	44
6004	988	46
6005	1480	41
6006	1146	64
6007	2783	0
6008	1210	57
6009	786	44
6010	19	0
6011	2894	41
6012	934	28
6013	1477	26
6014	3117	29
6015	1338	17
6016	692	0
6017	924	38
6018	1484	23
6019	1324	0
6020	1177	58
6021	487	0
6022	1141	41
6023	601	26
6024	83	40
6025	3169	28
6026	424	50
6027	8	62
6028	2066	61
6029	6	32
6030	3332	0
6031	1491	28
6032	277	0
6033	2681	32
6034	20	26
6035	2198	0
6036	2437	0
6037	88	58
6038	658	26
6039	2942	20
6040	2967	0
6041	632	33
6042	8	30
6043	228	44
6044	84	39
6045	180	49
6046	2891	0
6047	3337	17
6048	1282	27
6049	1497	21
6050	476	31
6051	1193	49
6052	376	0
6053	2415	32
6054	1870	47
6055	3020	24
6056	2423	50
6057	324	50
6058	1199	53
6059	212	0
6060	1200	25
6061	3338	42
6062	483	35
6063	60	0
6064	1505	2
6065	251	0
6066	147	0
6067	2543	34
6068	2474	19
6069	103	51
6070	70	0
6071	1384	51
6072	1159	25
6073	3115	43
6074	147	21
6075	3339	39
6076	448	25
6077	1461	31
6078	1126	57
6079	423	34
6080	1341	0
6081	24	42
6082	1335	48
6083	1510	29
6084	1136	0
6085	999	0
6086	1065	29
6087	484	0
6088	104	36
6089	1812	31
6090	123	58
6091	239	22
6092	710	36
6093	2978	23
6094	601	28
6095	1496	38
6096	1524	16
6097	3346	33
6098	212	0
6099	1517	0
6100	1195	29
6101	2283	46
6102	2550	41
6103	587	49
6104	412	29
6105	351	28
6106	2216	0
6107	2400	0
6108	1225	29
6109	60	22
6110	1538	46
6111	29	0
6112	459	0
6113	1489	19
6114	1312	27
6115	517	35
6116	1527	26
6117	779	37
6118	3059	35
6119	1530	31
6120	98	22
6121	444	25
6122	1677	0
6123	1231	31
6124	115	33
6125	71	35
6126	84	0
6127	1232	52
6128	3357	31
6129	1007	29
6130	449	33
6131	1198	56
6132	1750	25
6133	72	35
6134	1539	28
6135	1348	33
6136	2527	51
6137	122	66
6138	1543	0
6139	1427	0
6140	601	35
6141	2641	30
6142	679	32
6143	273	0
6144	2854	41
6145	178	38
6146	879	27
6147	1245	57
6148	29	26
6149	1895	0
6150	3002	0
6151	619	28
6152	142	38
6153	1032	24
6154	147	0
6155	2904	12
6156	469	34
6157	1248	28
6158	1558	33
6159	3172	0
6160	37	0
6161	147	21
6162	1486	31
6163	1414	49
6164	1561	0
6165	536	33
6166	2989	71
6167	1976	50
6168	824	0
6169	104	0
6170	403	61
6171	28	0
6172	1786	38
6173	1563	0
6174	570	25
6175	2489	28
6176	2973	24
6177	1526	0
6178	299	0
6179	14	0
6180	1919	37
6181	945	50
6182	1588	58
6183	1132	34
6184	45	58
6185	191	17
6186	212	0
6187	1575	0
6188	161	59
6189	2271	0
6190	1580	31
6191	1219	0
6192	1634	23
6193	423	0
6194	2224	103
6195	810	37
6196	2547	0
6197	60	0
6198	29	0
6199	1260	54
6200	2353	0
6201	1673	0
6202	3231	50
6203	1261	37
6204	935	55
6205	84	36
6206	1261	37
6207	540	55
6208	1267	29
6209	2863	17
6210	1268	43
6211	1565	0
6212	100	52
6213	28	38
6214	403	26
6215	899	35
6216	758	0
6217	100	0
6218	351	57
6219	147	28
6220	754	46
6221	1362	0
6222	506	0
6223	804	49
6224	92	22
6225	221	0
6226	1585	19
6227	570	29
6228	2882	0
6229	244	41
6230	892	0
6231	76	0
6232	278	68
6233	131	0
6234	287	25
6235	518	44
6236	2922	0
6237	736	25
6238	2962	0
6239	1178	21
6240	1358	21
6241	1638	31
6242	2880	33
6243	39	36
6244	391	33
6245	19	24
6246	1110	37
6247	98	33
6248	968	44
6249	2876	37
6250	609	46
6251	3390	52
6252	1236	18
6253	447	0
6254	1594	0
6255	2254	46
6256	3109	25
6257	2069	0
6258	1291	30
6259	340	52
6260	402	23
6261	99	19
6262	3350	0
6263	24	25
6264	1244	25
6265	8	55
6266	147	29
6267	880	59
6268	2278	39
6269	2635	51
6270	2953	0
6271	1	25
6272	145	0
6273	1638	28
6274	1308	29
6275	1381	38
6276	9	38
6277	1299	0
6278	88	0
6279	869	37
6280	324	26
6281	2461	37
6282	2722	46
6283	61	25
6284	1304	44
6285	3191	30
6286	869	25
6287	1655	43
6288	899	23
6289	330	0
6290	3348	13
6291	2904	8
6292	2026	54
6293	3264	54
6294	1620	29
6295	3395	0
6296	635	27
6297	831	33
6298	3397	48
6299	1314	60
6300	1112	0
6301	192	34
6302	2744	0
6303	1318	23
6304	3398	46
6305	3019	0
6306	298	57
6307	3091	60
6308	2798	73
6309	979	32
6310	1682	33
6311	338	28
6312	2409	57
6313	1061	37
6314	123	0
6315	795	0
6316	287	39
6317	8	28
6318	2688	0
6319	570	30
6320	3401	43
6321	1483	28
6322	3193	24
6323	88	26
6324	1989	0
6325	123	52
6326	2879	0
6327	927	35
6328	1650	0
6329	3406	32
6330	2472	0
6331	440	40
6332	1310	0
6333	2241	58
6334	2488	0
6335	152	0
6336	562	57
6337	589	21
6338	106	22
6339	1069	27
6340	391	0
6341	2094	21
6342	1053	53
6343	1435	42
6344	2518	58
6345	272	32
6346	84	0
6347	8	0
6348	3001	48
6349	906	49
6350	1750	52
6351	76	38
6352	395	28
6353	1661	42
6354	2628	58
6355	2433	32
6356	1439	34
6357	76	31
6358	1405	39
6359	686	29
6360	1669	0
6361	2078	47
6362	2529	49
6363	1675	29
6364	3188	66
6365	1275	40
6366	601	27
6367	1277	0
6368	2677	60
6369	126	63
6370	234	0
6371	2191	29
6372	243	37
6373	1678	51
6374	1681	0
6375	1418	24
6376	485	0
6377	1241	19
6378	540	34
6379	847	0
6380	2838	37
6381	9	33
6382	320	36
6383	1610	18
6384	2278	0
6385	815	16
6386	1114	32
6387	3064	0
6388	465	0
6389	45	30
6390	77	57
6391	3053	43
6392	1685	37
6393	1244	30
6394	2478	55
6395	1341	43
6396	212	25
6397	324	27
6398	247	0
6399	3062	45
6400	1372	0
6401	1373	0
6402	3439	24
6403	1698	0
6404	2900	26
6405	100	24
6406	278	38
6407	3435	25
6408	1924	0
6409	257	57
6410	28	26
6411	1080	58
6412	369	38
6413	961	43
6414	3261	29
6415	1380	21
6416	147	0
6417	1781	30
6418	2056	26
6419	970	55
6420	73	56
6421	1118	23
6422	547	43
6423	4	35
6424	1017	24
6425	1180	0
6426	2510	31
6427	3331	33
6428	1710	44
6429	821	52
6430	999	28
6431	486	0
6432	3108	28
6433	1460	29
6434	133	39
6435	3253	33
6436	247	23
6437	529	0
6438	45	35
6439	1720	34
6440	2880	29
6441	1721	0
6442	227	28
6443	1542	20
6444	2403	42
6445	562	21
6446	356	25
6447	3442	49
6448	1392	23
6449	2043	25
6450	1730	0
6451	1528	0
6452	523	0
6453	572	50
6454	1393	22
6455	3444	32
6456	1394	36
6457	84	46
6458	104	29
6459	161	0
6460	1834	26
6461	828	24
6462	1400	35
6463	3449	33
6464	570	32
6465	946	43
6466	2625	0
6467	1733	20
6468	3049	32
6469	60	24
6470	263	20
6471	351	32
6472	641	27
6473	1133	57
6474	2792	45
6475	453	38
6476	844	43
6477	123	37
6478	2673	0
6479	1713	27
6480	1595	0
6481	54	0
6482	184	42
6483	533	23
6484	72	39
6485	2494	33
6486	8	65
6487	3019	0
6488	258	25
6489	338	31
6490	3230	33
6491	599	0
6492	1370	0
6493	810	35
6494	1741	41
6495	1583	34
6496	2693	39
6497	1410	15
6498	133	0
6499	1184	0
6500	3448	0
6501	1254	28
6502	729	0
6503	1190	55
6504	282	21
6505	1747	46
6506	76	0
6507	1974	32
6508	581	0
6509	1179	50
6510	242	15
6511	1951	37
6512	611	46
6513	2279	33
6514	255	0
6515	1641	44
6516	2230	22
6517	1829	29
6518	2662	25
6519	553	0
6520	212	47
6521	1754	18
6522	1416	37
6523	347	41
6524	2143	0
6525	153	44
6526	451	41
6527	2503	21
6528	1496	57
6529	1579	20
6530	1088	0
6531	1438	0
6532	1758	20
6533	595	32
6534	2413	0
6535	147	0
6536	1252	17
6537	1962	0
6538	28	28
6539	147	33
6540	136	0
6541	130	20
6542	3051	26
6543	3019	11
6544	1110	25
6545	84	28
6546	913	30
6547	555	67
6548	88	28
6549	2636	35
6550	1282	0
6551	847	0
6552	2001	54
6553	3272	0
6554	84	24
6555	1225	21
6556	125	28
6557	847	53
6558	152	39
6559	45	0
6560	268	0
6561	3368	49
6562	556	0
6563	1765	57
6564	2093	0
6565	2622	35
6566	1221	46
6567	1773	36
6568	124	29
6569	1738	49
6570	2588	0
6571	1084	27
6572	287	37
6573	1446	50
6574	1856	34
6575	138	35
6576	1708	22
6577	1788	42
6578	104	27
6579	1452	53
6580	512	0
6581	3370	20
6582	1995	38
6583	1405	23
6584	76	27
6585	3	0
6586	431	42
6587	1309	41
6588	610	43
6589	72	34
6590	43	0
6591	919	30
6592	1031	0
6593	2595	0
6594	55	44
6595	39	37
6596	52	34
6597	540	30
6598	3287	0
6599	98	30
6600	1281	0
6601	351	43
6602	58	36
6603	618	39
6604	1797	0
6605	1954	46
6606	1798	26
6607	901	29
6608	800	55
6609	218	0
6610	377	21
6611	1464	28
6612	2965	0
6613	72	26
6614	427	41
6615	2107	40
6616	19	0
6617	1	0
6618	1985	0
6619	3349	0
6620	1565	36
6621	8	21
6622	1556	52
6623	1129	47
6624	135	0
6625	1474	35
6626	1002	14
6627	76	0
6628	1819	0
6629	218	35
6630	123	0
6631	880	42
6632	763	23
6633	147	32
6634	1482	37
6635	830	0
6636	1341	34
6637	632	58
6638	733	0
6639	1101	58
6640	947	0
6641	570	31
6642	660	40
6643	2781	24
6644	220	38
6645	98	21
6646	3364	0
6647	1487	51
6648	483	0
6649	131	26
6650	1473	33
6651	76	56
6652	125	40
6653	2695	0
6654	19	0
6655	549	23
6656	1833	0
6657	1867	0
6658	914	0
6659	2866	25
6660	104	32
6661	1022	51
6662	243	0
6663	15	30
6664	1841	0
6665	9	0
6666	126	59
6667	1274	26
6668	54	52
6669	112	32
6670	337	0
6671	1702	61
6672	242	48
6673	2229	40
6674	349	0
6675	1846	0
6676	1088	21
6677	3323	34
6678	201	0
6679	1853	32
6680	2819	40
6681	2522	36
6682	1501	34
6683	1032	45
6684	240	45
6685	2807	69
6686	3007	0
6687	3408	0
6688	948	0
6689	152	67
6690	2207	0
6691	600	56
6692	1282	33
6693	191	43
6694	2875	35
6695	1337	41
6696	1859	0
6697	1506	0
6698	37	60
6699	370	60
6700	414	38
6701	1148	31
6702	15	31
6703	261	0
6704	2130	38
6705	1033	40
6706	1462	41
6707	1946	44
6708	1626	45
6709	299	0
6710	125	0
6711	412	37
6712	100	0
6713	104	34
6714	1509	35
6715	417	32
6716	330	57
6717	2776	34
6718	2778	66
6719	2658	0
6720	1868	33
6721	730	38
6722	1869	52
6723	1353	0
6724	1511	44
6725	1872	31
6726	3009	41
6727	8	39
6728	1607	57
6729	3424	43
6730	453	36
6731	431	65
6732	147	47
6733	2491	32
6734	1440	36
6735	76	0
6736	148	54
6737	2472	0
6738	612	25
6739	9	23
6740	84	0
6741	154	45
6742	38	27
6743	493	59
6744	2150	22
6745	2078	37
6746	2545	35
6747	201	37
6748	2855	22
6749	2118	34
6750	514	44
6751	1892	0
6752	45	0
6753	6	39
