0	314
1	450
2	0
3	33
4	373
5	309
6	422
7	20
8	33
9	0
10	325
11	394
12	134
13	421
14	27
15	32
16	373
17	373
18	0
19	33
20	33
21	68
22	0
23	373
24	0
25	314
26	33
27	13
28	258
29	79
30	0
31	0
32	394
33	309
34	441
35	0
36	33
37	0
38	11
39	0
40	0
41	0
42	20
43	423
44	0
45	20
46	33
47	0
48	204
49	162
50	137
51	0
52	150
53	33
54	373
55	33
56	0
57	416
58	33
59	0
60	314
61	33
62	359
63	33
64	150
65	27
66	86
67	33
68	11
69	0
70	373
71	162
72	33
73	33
74	68
75	309
76	33
77	373
78	0
79	32
80	64
81	373
82	326
83	33
84	373
85	13
86	373
87	309
88	373
89	79
90	105
91	33
92	0
93	34
94	395
95	11
96	11
97	33
98	13
99	33
100	373
101	26
102	33
103	79
104	68
105	214
106	16
107	373
108	341
109	318
110	373
111	12
112	401
113	33
114	373
115	0
116	79
117	0
118	30
119	33
120	363
121	309
122	309
123	373
124	13
125	13
126	0
127	0
128	0
129	421
130	236
131	271
132	441
133	9
134	11
135	33
136	434
137	143
138	34
139	0
140	373
141	137
142	33
143	136
144	373
145	11
146	421
147	296
148	422
149	422
150	0
151	33
152	11
153	143
154	373
155	208
156	13
157	373
158	348
159	0
160	13
161	13
162	16
163	0
164	33
165	0
166	0
167	367
168	33
169	412
170	314
171	373
172	137
173	105
174	441
175	294
176	373
177	105
178	314
179	33
180	12
181	33
182	33
183	0
184	292
185	0
186	137
187	0
188	314
189	59
190	105
191	162
192	107
193	33
194	373
195	33
196	33
197	39
198	11
199	33
200	0
201	0
202	351
203	309
204	0
205	68
206	33
207	447
208	0
209	8
210	136
211	213
212	309
213	0
214	137
215	33
216	373
217	0
218	0
219	33
220	33
221	0
222	150
223	421
224	33
225	33
226	32
227	162
228	33
229	80
230	314
231	450
232	13
233	373
234	33
235	33
236	11
237	59
238	143
239	13
240	34
241	33
242	0
243	0
244	0
245	33
246	436
247	68
248	0
249	373
250	33
251	33
252	11
253	373
254	70
255	0
256	0
257	289
258	33
259	248
260	33
261	0
262	0
263	0
264	0
265	367
266	27
267	29
268	13
269	175
270	33
271	33
272	33
273	31
274	373
275	13
276	0
277	33
278	33
279	13
280	27
281	26
282	373
283	0
284	373
285	33
286	0
287	105
288	33
289	33
290	0
291	162
292	0
293	0
294	373
295	0
296	0
297	441
298	33
299	33
300	33
301	0
302	33
303	373
304	373
305	33
306	286
307	68
308	416
309	0
310	13
311	33
312	373
313	0
314	252
315	373
316	11
317	53
318	33
319	0
320	395
321	0
322	11
323	0
324	80
325	26
326	33
327	82
328	13
329	367
330	421
331	33
332	13
333	327
334	373
335	309
336	163
337	294
338	373
339	373
340	162
341	33
342	309
343	0
344	33
345	33
346	441
347	26
348	373
349	414
350	11
351	421
352	33
353	33
354	450
355	33
356	26
357	394
358	0
359	0
360	373
361	33
362	325
363	0
364	394
365	162
366	33
367	0
368	0
369	0
370	13
371	359
372	0
373	33
374	33
375	13
376	55
377	292
378	0
379	0
380	421
381	20
382	373
383	13
384	421
385	415
386	26
387	13
388	33
389	208
390	373
391	399
392	373
393	417
394	33
395	162
396	26
397	214
398	33
399	13
400	0
401	13
402	82
403	13
404	32
405	0
406	162
407	421
408	136
409	33
410	0
411	33
412	373
413	0
414	0
415	0
416	43
417	162
418	341
419	162
420	0
421	0
422	373
423	33
424	234
425	32
426	0
427	441
428	373
429	33
430	13
431	0
432	213
433	33
434	85
435	33
436	373
437	33
438	314
439	447
440	394
441	314
442	0
443	373
444	0
445	314
446	373
447	81
448	373
449	373
450	373
451	373
452	33
453	0
454	0
455	61
456	33
457	431
458	0
459	0
460	13
461	314
462	373
463	314
464	33
465	13
466	162
467	351
468	33
469	0
470	417
471	0
472	33
473	53
474	233
475	11
476	201
477	68
478	164
479	27
480	330
481	137
482	79
483	373
484	421
485	33
486	33
487	309
488	33
489	53
490	34
491	0
492	13
493	373
494	33
495	373
496	33
497	0
498	0
499	0
500	33
501	314
502	423
503	441
504	0
505	33
506	373
507	33
508	162
509	0
510	32
511	33
512	162
513	82
514	134
515	139
516	32
517	0
518	0
519	13
520	33
521	373
522	373
523	0
524	33
525	0
526	162
527	0
528	158
529	33
530	33
531	11
532	127
533	414
534	33
535	33
536	0
537	11
538	395
539	33
540	421
541	68
542	0
543	248
544	162
545	314
546	33
547	33
548	0
549	79
550	0
551	414
552	395
553	421
554	33
555	75
556	434
557	0
558	32
559	13
560	20
561	33
562	373
563	25
564	0
565	33
566	158
567	33
568	373
569	373
570	0
571	278
572	33
573	373
574	0
575	414
576	373
577	373
578	292
579	82
580	415
581	79
582	317
583	13
584	33
585	441
586	0
587	162
588	33
589	312
590	33
591	373
592	248
593	441
594	33
595	394
596	373
597	11
598	373
599	373
600	369
601	11
602	373
603	373
604	373
605	373
606	11
607	0
608	450
609	11
610	33
611	314
612	136
613	136
614	13
615	13
616	8
617	80
618	13
619	104
620	33
621	0
622	33
623	33
624	13
625	341
626	11
627	373
628	373
629	373
630	33
631	20
632	242
633	33
634	33
635	349
636	144
637	33
638	158
639	373
640	373
641	143
642	223
643	0
644	421
645	0
646	414
647	314
648	373
649	309
650	0
651	436
652	280
653	33
654	33
655	0
656	33
657	0
658	0
659	420
660	0
661	314
662	33
663	138
664	136
665	33
666	314
667	105
668	373
669	33
670	0
671	34
672	32
673	248
674	0
675	373
676	33
677	450
678	33
679	33
680	0
681	61
682	81
683	421
684	0
685	13
686	34
687	157
688	314
689	309
690	33
691	232
692	0
693	136
694	421
695	373
696	314
697	373
698	58
699	373
700	0
701	394
702	33
703	309
704	0
705	33
706	32
707	33
708	434
709	33
710	309
711	26
712	20
713	33
714	427
715	0
716	33
717	33
718	33
719	309
720	0
721	152
722	162
723	325
724	421
725	33
726	0
727	0
728	273
729	110
730	162
731	373
732	0
733	373
734	417
735	32
736	432
737	0
738	162
739	72
740	33
741	30
742	33
743	421
744	33
745	395
746	373
747	33
748	33
749	32
750	220
751	314
752	394
753	0
754	0
755	33
756	126
757	309
758	33
759	239
760	33
761	33
762	0
763	33
764	13
765	132
766	13
767	162
768	373
769	68
770	382
771	27
772	34
773	373
774	421
775	0
776	33
777	0
778	105
779	137
780	33
781	0
782	33
783	105
784	373
785	105
786	82
787	373
788	68
789	373
790	395
791	13
792	33
793	416
794	421
795	33
796	0
797	68
798	0
799	33
800	0
801	33
802	33
803	33
804	88
805	314
806	208
807	13
808	68
809	373
810	208
811	33
812	373
813	352
814	373
815	0
816	33
817	0
818	0
819	68
820	11
821	68
822	33
823	0
824	314
825	33
826	13
827	13
828	248
829	13
830	33
831	373
832	61
833	13
834	11
835	314
836	132
837	33
838	11
839	314
840	453
841	335
842	363
843	33
844	33
845	27
846	150
847	359
848	32
849	33
850	33
851	327
852	33
853	33
854	11
855	30
856	61
857	0
858	11
859	0
860	68
861	33
862	247
863	13
864	140
865	314
866	0
867	27
868	373
869	79
870	373
871	394
872	144
873	33
874	421
875	373
876	421
877	373
878	0
879	422
880	0
881	281
882	13
883	373
884	373
885	325
886	33
887	33
888	13
889	391
890	33
891	373
892	422
893	33
894	0
895	373
896	314
897	0
898	0
899	0
900	309
901	421
902	137
903	13
904	373
905	11
906	33
907	13
908	74
909	26
910	162
911	373
912	0
913	33
914	278
915	441
916	0
917	373
918	139
919	373
920	394
921	11
922	162
923	373
924	132
925	11
926	33
927	373
928	0
929	309
930	0
931	33
932	162
933	312
934	33
935	79
936	0
937	291
938	164
939	45
940	0
941	328
942	242
943	292
944	13
945	341
946	68
947	13
948	13
949	373
950	314
951	11
952	441
953	0
954	351
955	13
956	13
957	422
958	0
959	376
960	309
961	33
962	373
963	373
964	373
965	0
966	33
967	0
968	13
969	105
970	0
971	414
972	33
973	381
974	162
975	13
976	0
977	373
978	13
979	335
980	373
981	314
982	175
983	33
984	170
985	26
986	20
987	436
988	309
989	373
990	33
991	13
992	33
993	86
994	27
995	13
996	13
997	373
998	125
999	137
1000	144
1001	33
1002	81
1003	181
1004	436
1005	33
1006	33
1007	373
1008	0
1009	32
1010	27
1011	441
1012	0
1013	0
1014	34
1015	0
1016	162
1017	373
1018	68
1019	0
1020	11
1021	256
1022	11
1023	373
1024	0
1025	11
1026	162
1027	13
1028	292
1029	30
1030	27
1031	257
1032	33
1033	32
1034	162
1035	314
1036	82
1037	33
1038	373
1039	189
1040	373
1041	33
1042	0
1043	32
1044	394
1045	0
1046	33
1047	33
1048	0
1049	373
1050	0
1051	309
1052	373
1053	162
1054	0
1055	373
1056	32
1057	33
1058	105
1059	33
1060	162
1061	33
1062	373
1063	414
1064	33
1065	162
1066	0
1067	378
1068	0
1069	373
1070	0
1071	373
1072	53
1073	0
1074	33
1075	0
1076	0
1077	33
1078	338
1079	33
1080	373
1081	33
1082	373
1083	0
1084	421
1085	33
1086	373
1087	414
1088	105
1089	314
1090	33
1091	33
1092	105
1093	0
1094	13
1095	105
1096	254
1097	306
1098	105
1099	0
1100	13
1101	33
1102	13
1103	11
1104	33
1105	33
1106	162
1107	314
1108	0
1109	373
1110	208
1111	292
1112	359
1113	373
1114	33
1115	421
1116	0
1117	309
1118	314
1119	373
1120	33
1121	162
1122	373
1123	33
1124	421
1125	162
1126	0
1127	0
1128	129
1129	436
1130	309
1131	13
1132	33
1133	0
1134	206
1135	7
1136	373
1137	0
1138	33
1139	8
1140	373
1141	373
1142	0
1143	373
1144	11
1145	373
1146	421
1147	137
1148	143
1149	421
1150	373
1151	33
1152	33
1153	0
1154	0
1155	20
1156	373
1157	373
1158	33
1159	309
1160	0
1161	33
1162	0
1163	33
1164	53
1165	162
1166	13
1167	441
1168	0
1169	129
1170	33
1171	34
1172	373
1173	248
1174	33
1175	13
1176	33
1177	26
1178	367
1179	242
1180	441
1181	0
1182	373
1183	373
1184	395
1185	13
1186	32
1187	0
1188	34
1189	0
1190	162
1191	0
1192	33
1193	137
1194	314
1195	447
1196	319
1197	371
1198	162
1199	0
1200	20
1201	373
1202	7
1203	373
1204	33
1205	373
1206	373
1207	373
1208	292
1209	162
1210	248
1211	236
1212	136
1213	0
1214	394
1215	33
1216	394
1217	34
1218	0
1219	33
1220	359
1221	309
1222	0
1223	364
1224	414
1225	314
1226	25
1227	33
1228	33
1229	373
1230	0
1231	314
1232	421
1233	129
1234	314
1235	309
1236	33
1237	0
1238	33
1239	373
1240	34
1241	0
1242	13
1243	373
1244	373
1245	0
1246	152
1247	33
1248	33
1249	373
1250	33
1251	0
1252	309
1253	395
1254	11
1255	33
1256	33
1257	0
1258	400
1259	373
1260	33
1261	32
1262	26
1263	314
1264	11
1265	79
1266	441
1267	0
1268	26
1269	144
1270	27
1271	373
1272	30
1273	309
1274	373
1275	0
1276	33
1277	33
1278	441
1279	33
1280	0
1281	313
1282	414
1283	0
1284	13
1285	150
1286	309
1287	105
1288	79
1289	373
1290	373
1291	61
1292	0
1293	309
1294	11
1295	309
1296	367
1297	0
1298	0
1299	373
1300	0
1301	242
1302	218
1303	33
1304	33
1305	0
1306	312
1307	421
1308	407
1309	20
1310	33
1311	373
1312	309
1313	33
1314	0
1315	105
1316	422
1317	0
1318	33
1319	373
1320	0
1321	11
1322	0
1323	79
1324	0
1325	0
1326	33
1327	33
1328	13
1329	33
1330	33
1331	0
1332	33
1333	33
1334	32
1335	80
1336	13
1337	436
1338	34
1339	13
1340	145
1341	162
1342	20
1343	32
1344	242
1345	421
1346	0
1347	373
1348	414
1349	162
1350	164
1351	11
1352	0
1353	421
1354	0
1355	11
1356	373
1357	33
1358	32
1359	33
1360	11
1361	33
1362	213
1363	450
1364	13
1365	373
1366	0
1367	0
1368	8
1369	0
1370	0
1371	33
1372	0
1373	33
1374	373
1375	33
1376	0
1377	68
1378	259
1379	373
1380	33
1381	0
1382	120
1383	53
1384	247
1385	0
1386	373
1387	421
1388	309
1389	0
1390	416
1391	309
1392	33
1393	33
1394	79
1395	0
1396	248
1397	33
1398	0
1399	13
1400	33
1401	33
1402	33
1403	33
1404	11
1405	32
1406	373
1407	373
1408	373
1409	0
1410	317
1411	314
1412	11
1413	240
1414	309
1415	13
1416	11
1417	422
1418	373
1419	314
1420	13
1421	247
1422	137
1423	33
1424	33
1425	208
1426	33
1427	33
1428	373
1429	0
1430	33
1431	162
1432	373
1433	33
1434	208
1435	373
1436	175
1437	162
1438	82
1439	33
1440	0
1441	0
1442	33
1443	33
1444	11
1445	373
1446	79
1447	0
1448	0
1449	105
1450	33
1451	373
1452	13
1453	373
1454	0
1455	373
1456	247
1457	373
1458	309
1459	33
1460	419
1461	0
1462	414
1463	249
1464	373
1465	0
1466	33
1467	150
1468	309
1469	33
1470	0
1471	208
1472	33
1473	0
1474	18
1475	208
1476	373
1477	137
1478	33
1479	373
1480	0
1481	11
1482	13
1483	105
1484	33
1485	373
1486	0
1487	136
1488	33
1489	33
1490	0
1491	33
1492	373
1493	373
1494	395
1495	373
1496	341
1497	33
1498	0
1499	157
1500	33
1501	373
1502	0
1503	79
1504	0
1505	27
1506	0
1507	212
1508	162
1509	0
1510	0
1511	182
1512	309
1513	33
1514	436
1515	421
1516	32
1517	309
1518	373
1519	33
1520	0
1521	13
1522	373
1523	107
1524	373
1525	13
1526	0
1527	359
1528	33
1529	137
1530	143
1531	373
1532	314
1533	395
1534	105
1535	32
1536	204
1537	302
1538	0
1539	0
1540	373
1541	79
1542	33
1543	139
1544	33
1545	373
1546	419
1547	68
1548	13
1549	137
1550	0
1551	33
1552	314
1553	33
1554	314
1555	137
1556	314
1557	32
1558	421
1559	441
1560	373
1561	33
1562	32
1563	314
1564	32
1565	0
1566	68
1567	373
1568	13
1569	33
1570	254
1571	196
1572	13
1573	16
1574	212
1575	26
1576	33
1577	32
1578	314
1579	373
1580	80
1581	11
1582	33
1583	99
1584	0
1585	33
1586	373
1587	204
1588	26
1589	0
1590	0
1591	34
1592	227
1593	21
1594	33
1595	33
1596	295
1597	421
1598	359
1599	82
1600	33
1601	33
1602	32
1603	292
1604	0
1605	136
1606	422
1607	373
1608	162
1609	0
1610	33
1611	0
1612	33
1613	314
1614	80
1615	33
1616	33
1617	0
1618	34
1619	0
1620	0
1621	208
1622	208
1623	20
1624	33
1625	34
1626	0
1627	158
1628	0
1629	314
1630	13
1631	33
1632	248
1633	26
1634	68
1635	373
1636	68
1637	33
1638	0
1639	33
1640	396
1641	229
1642	208
1643	162
1644	173
1645	275
1646	314
1647	30
1648	33
1649	33
1650	267
1651	13
1652	24
1653	373
1654	33
1655	314
1656	373
1657	416
1658	373
1659	137
1660	373
1661	242
1662	394
1663	214
1664	150
1665	137
1666	13
1667	0
1668	0
1669	162
1670	33
1671	65
1672	0
1673	373
1674	33
1675	26
1676	347
1677	33
1678	33
1679	34
1680	13
1681	421
1682	11
1683	441
1684	33
1685	373
1686	0
1687	422
1688	162
1689	33
1690	373
1691	61
1692	33
1693	13
1694	339
1695	68
1696	0
1697	33
1698	373
1699	105
1700	373
1701	366
1702	0
1703	33
1704	309
1705	79
1706	373
1707	0
1708	13
1709	373
1710	421
1711	0
1712	11
1713	314
1714	373
1715	373
1716	0
1717	314
1718	33
1719	137
1720	373
1721	395
1722	373
1723	175
1724	421
1725	309
1726	422
1727	53
1728	421
1729	33
1730	68
1731	0
1732	105
1733	0
1734	190
1735	33
1736	33
1737	0
1738	434
1739	11
1740	242
1741	373
1742	309
1743	13
1744	33
1745	321
1746	61
1747	162
1748	33
1749	137
1750	33
1751	0
1752	150
1753	68
1754	13
1755	0
1756	373
1757	33
1758	33
1759	0
1760	33
1761	218
1762	373
1763	33
1764	33
1765	248
1766	68
1767	211
1768	0
1769	33
1770	422
1771	33
1772	0
1773	0
1774	0
1775	421
1776	79
1777	13
1778	150
1779	33
1780	60
1781	0
1782	0
1783	0
1784	11
1785	27
1786	175
1787	0
1788	11
1789	373
1790	423
1791	0
1792	33
1793	0
1794	162
1795	373
1796	0
1797	373
1798	11
1799	0
1800	0
1801	33
1802	138
1803	33
1804	33
1805	144
1806	239
1807	414
1808	33
1809	0
1810	137
1811	11
1812	0
1813	309
1814	33
1815	314
1816	421
1817	33
1818	292
1819	48
1820	0
1821	421
1822	33
1823	373
1824	105
1825	373
1826	33
1827	105
1828	162
1829	33
1830	309
1831	0
1832	68
1833	309
1834	0
1835	0
1836	79
1837	150
1838	27
1839	137
1840	0
1841	309
1842	292
1843	450
1844	33
1845	137
1846	11
1847	226
1848	0
1849	79
1850	11
1851	33
1852	105
1853	33
1854	33
1855	82
1856	33
1857	162
1858	159
1859	11
1860	13
1861	0
1862	33
1863	314
1864	208
1865	0
1866	162
1867	68
1868	11
1869	162
1870	395
1871	33
1872	33
1873	373
1874	33
1875	53
1876	33
1877	0
1878	11
1879	33
1880	11
1881	208
1882	0
1883	53
1884	0
1885	0
1886	33
1887	80
1888	421
1889	394
1890	349
1891	268
1892	394
1893	0
1894	33
1895	0
1896	309
1897	0
1898	33
1899	373
1900	68
1901	77
1902	12
1903	367
1904	136
1905	33
1906	0
1907	0
1908	0
1909	33
1910	82
1911	373
1912	33
1913	314
1914	33
1915	0
1916	31
1917	33
1918	314
1919	33
1920	162
1921	162
1922	11
1923	26
1924	373
1925	394
1926	33
1927	59
1928	0
1929	33
1930	33
1931	309
1932	227
1933	0
1934	32
1935	33
1936	373
1937	441
1938	309
1939	137
1940	136
1941	33
1942	26
1943	314
1944	53
1945	33
1946	448
1947	373
1948	33
1949	0
1950	210
1951	0
1952	0
1953	359
1954	100
1955	373
1956	373
1957	0
1958	152
1959	0
1960	373
1961	373
1962	0
1963	79
1964	373
1965	309
1966	373
1967	208
1968	309
1969	13
1970	86
1971	0
1972	13
1973	373
1974	422
1975	81
1976	144
1977	33
1978	102
1979	394
1980	105
1981	13
1982	33
1983	416
1984	373
1985	13
1986	0
1987	0
1988	450
1989	373
1990	309
1991	11
1992	421
1993	373
1994	11
1995	105
1996	33
1997	0
1998	162
1999	373
2000	0
2001	373
2002	0
2003	137
2004	0
2005	400
2006	33
2007	373
2008	395
2009	421
2010	12
2011	162
2012	373
2013	33
2014	373
2015	0
2016	373
2017	0
2018	33
2019	33
2020	379
2021	157
2022	0
2023	373
2024	373
2025	346
2026	33
2027	11
2028	373
2029	395
2030	0
2031	68
2032	33
2033	32
2034	373
2035	325
2036	325
2037	33
2038	33
2039	33
2040	0
2041	373
2042	373
2043	0
2044	162
2045	33
2046	205
2047	373
2048	0
2049	373
2050	33
2051	382
2052	0
2053	19
2054	33
2055	373
2056	373
2057	79
2058	134
2059	105
2060	373
2061	0
2062	33
2063	33
2064	0
2065	292
2066	373
2067	309
2068	373
2069	409
2070	33
2071	373
2072	395
2073	237
2074	433
2075	162
2076	0
2077	33
2078	373
2079	309
2080	373
2081	11
2082	0
2083	373
2084	0
2085	34
2086	137
2087	406
2088	33
2089	0
2090	0
2091	373
2092	26
2093	373
2094	373
2095	33
2096	395
2097	0
2098	105
2099	33
2100	204
2101	373
2102	373
2103	137
2104	359
2105	7
2106	162
2107	11
2108	33
2109	373
2110	33
2111	373
2112	33
2113	373
2114	373
2115	33
2116	278
2117	105
2118	33
2119	426
2120	0
2121	32
2122	373
2123	175
2124	373
2125	309
2126	0
2127	441
2128	373
2129	33
2130	68
2131	0
2132	0
2133	373
2134	0
2135	373
2136	314
2137	0
2138	342
2139	223
2140	33
2141	33
2142	33
2143	314
2144	0
2145	13
2146	33
2147	373
2148	407
2149	421
2150	33
2151	33
2152	79
2153	247
2154	329
2155	373
2156	137
2157	0
2158	0
2159	33
2160	53
2161	33
2162	33
2163	79
2164	129
2165	373
2166	0
2167	32
2168	373
2169	33
2170	441
2171	214
2172	105
2173	309
2174	373
2175	33
2176	162
2177	162
2178	33
2179	0
2180	373
2181	68
2182	373
2183	373
2184	373
2185	33
2186	0
2187	59
2188	248
2189	33
2190	314
2191	32
2192	314
2193	33
2194	137
2195	137
2196	80
2197	444
2198	414
2199	129
2200	33
2201	0
2202	0
2203	33
2204	0
2205	33
2206	33
2207	33
2208	34
2209	11
2210	34
2211	0
2212	373
2213	373
2214	351
2215	373
2216	204
2217	33
2218	0
2219	0
2220	242
2221	0
2222	314
2223	309
2224	33
2225	33
2226	0
2227	373
2228	228
2229	314
2230	0
2231	33
2232	33
2233	33
2234	33
2235	314
2236	373
2237	373
2238	13
2239	395
2240	33
2241	314
2242	137
2243	373
2244	33
2245	373
2246	249
2247	143
2248	0
2249	400
2250	0
2251	9
2252	13
2253	162
2254	0
2255	33
2256	105
2257	373
2258	0
2259	0
2260	309
2261	0
2262	33
2263	129
2264	292
2265	68
2266	137
2267	373
2268	162
2269	394
2270	150
2271	0
2272	33
2273	162
2274	32
2275	0
2276	33
2277	150
2278	150
2279	13
2280	33
2281	373
2282	33
2283	33
2284	33
2285	367
2286	394
2287	373
2288	410
2289	33
2290	13
2291	247
2292	54
2293	341
2294	137
2295	373
2296	373
2297	421
2298	248
2299	124
2300	33
2301	309
2302	373
2303	373
2304	26
2305	13
2306	0
2307	316
2308	0
2309	33
2310	0
2311	0
2312	33
2313	314
2314	314
2315	0
2316	0
2317	13
2318	373
2319	0
2320	314
2321	314
2322	373
2323	0
2324	33
2325	0
2326	314
2327	81
2328	0
2329	0
2330	162
2331	13
2332	33
2333	33
2334	0
2335	33
2336	314
2337	0
2338	11
2339	314
2340	0
2341	367
2342	13
2343	179
2344	373
2345	13
2346	162
2347	189
2348	13
2349	105
2350	0
2351	373
2352	261
2353	373
2354	0
2355	33
2356	33
2357	373
2358	314
2359	0
2360	33
2361	0
2362	76
2363	158
2364	0
2365	33
2366	247
2367	33
2368	162
2369	137
2370	373
2371	132
2372	162
2373	205
2374	373
2375	373
2376	33
2377	33
2378	373
2379	132
2380	11
2381	13
2382	394
2383	309
2384	11
2385	33
2386	13
2387	33
2388	309
2389	373
2390	373
2391	414
2392	11
2393	33
2394	105
2395	373
2396	30
2397	162
2398	0
2399	373
2400	0
2401	423
2402	11
2403	33
2404	0
2405	26
2406	309
2407	137
2408	0
2409	248
2410	0
2411	33
2412	0
2413	0
2414	33
2415	373
2416	33
2417	441
2418	0
2419	373
2420	359
2421	331
2422	373
2423	33
2424	309
2425	373
2426	11
2427	33
2428	33
2429	79
2430	421
2431	150
2432	33
2433	314
2434	13
2435	373
2436	373
2437	13
2438	373
2439	373
2440	441
2441	421
2442	13
2443	247
2444	26
2445	214
2446	13
2447	105
2448	314
2449	0
2450	80
2451	52
2452	373
2453	0
2454	174
2455	34
2456	105
2457	144
2458	373
2459	0
2460	33
2461	442
2462	68
2463	301
2464	32
2465	33
2466	33
2467	0
2468	0
2469	421
2470	33
2471	33
2472	373
2473	33
2474	68
2475	32
2476	13
2477	33
2478	373
2479	373
2480	33
2481	373
2482	373
2483	33
2484	373
2485	33
2486	244
2487	373
2488	373
2489	309
2490	0
2491	33
2492	258
2493	33
2494	373
2495	391
2496	33
2497	373
2498	373
2499	144
2500	68
2501	309
2502	79
2503	294
2504	150
2505	33
2506	33
2507	33
2508	13
2509	0
2510	373
2511	53
2512	0
2513	373
2514	68
2515	33
2516	162
2517	248
2518	0
2519	314
2520	416
2521	11
2522	33
2523	0
2524	68
2525	13
2526	33
2527	162
2528	0
2529	309
2530	0
2531	0
2532	0
2533	373
2534	169
2535	150
2536	33
2537	441
2538	373
2539	373
2540	33
2541	373
2542	292
2543	105
2544	0
2545	314
2546	137
2547	33
2548	33
2549	20
2550	0
2551	0
2552	373
2553	34
2554	20
2555	33
2556	314
2557	33
2558	437
2559	33
2560	373
2561	32
2562	0
2563	436
2564	17
2565	292
2566	11
2567	26
2568	0
2569	33
2570	33
2571	33
2572	421
2573	13
2574	373
2575	33
2576	33
2577	340
2578	33
2579	33
2580	68
2581	373
2582	0
2583	162
2584	162
2585	373
2586	175
2587	314
2588	0
2589	395
2590	416
2591	309
2592	0
2593	0
2594	33
2595	33
2596	33
2597	421
2598	175
2599	33
2600	373
2601	162
2602	33
2603	33
2604	392
2605	314
2606	314
2607	0
2608	79
2609	33
2610	105
2611	33
2612	441
2613	32
2614	421
2615	373
2616	373
2617	0
2618	0
2619	33
2620	309
2621	33
2622	33
2623	68
2624	382
2625	33
2626	414
2627	0
2628	373
2629	0
2630	373
2631	421
2632	33
2633	88
2634	33
2635	0
2636	359
2637	373
2638	68
2639	0
2640	421
2641	33
2642	53
2643	33
2644	33
2645	33
2646	33
2647	373
2648	0
2649	136
2650	0
2651	33
2652	0
2653	3
2654	373
2655	0
2656	33
2657	417
2658	162
2659	33
2660	27
2661	373
2662	11
2663	157
2664	0
2665	314
2666	162
2667	33
2668	33
2669	136
2670	105
2671	7
2672	11
2673	33
2674	33
2675	32
2676	450
2677	11
2678	5
2679	162
2680	13
2681	208
2682	390
2683	417
2684	0
2685	0
2686	373
2687	0
2688	373
2689	0
2690	175
2691	33
2692	33
2693	32
2694	0
2695	373
2696	32
2697	0
2698	33
2699	33
2700	314
2701	299
2702	0
2703	373
2704	33
2705	248
2706	20
2707	162
2708	0
2709	0
2710	373
2711	314
2712	34
2713	373
2714	13
2715	0
2716	421
2717	68
2718	321
2719	33
2720	0
2721	0
2722	167
2723	373
2724	33
2725	309
2726	0
2727	0
2728	82
2729	261
2730	309
2731	33
2732	373
2733	373
2734	435
2735	33
2736	21
2737	0
2738	373
2739	162
2740	0
2741	68
2742	144
2743	0
2744	33
2745	33
2746	136
2747	0
2748	394
2749	11
2750	33
2751	239
2752	0
2753	373
2754	421
2755	0
2756	162
2757	441
2758	258
2759	0
2760	33
2761	373
2762	0
2763	0
2764	373
2765	33
2766	0
2767	373
2768	373
2769	373
2770	0
2771	137
2772	162
2773	395
2774	242
2775	0
2776	373
2777	314
2778	136
2779	0
2780	0
2781	373
2782	32
2783	33
2784	0
2785	373
2786	441
2787	31
2788	162
2789	373
2790	32
2791	373
2792	0
2793	373
2794	27
2795	162
2796	0
2797	373
2798	314
2799	33
2800	314
2801	27
2802	320
2803	373
2804	0
2805	33
2806	421
2807	11
2808	314
2809	162
2810	58
2811	417
2812	373
2813	315
2814	33
2815	373
2816	20
2817	0
2818	0
2819	373
2820	395
2821	450
2822	373
2823	33
2824	373
2825	33
2826	409
2827	373
2828	33
2829	373
2830	33
2831	33
2832	33
2833	13
2834	450
2835	373
2836	373
2837	314
2838	0
2839	68
2840	373
2841	33
2842	0
2843	132
2844	373
2845	373
2846	33
2847	0
2848	88
2849	0
2850	71
2851	26
2852	33
2853	373
2854	33
2855	175
2856	13
2857	427
2858	0
2859	26
2860	32
2861	416
2862	373
2863	33
2864	33
2865	373
2866	373
2867	166
2868	143
2869	13
2870	0
2871	373
2872	0
2873	33
2874	3
2875	79
2876	33
2877	33
2878	33
2879	33
2880	136
2881	105
2882	373
2883	33
2884	309
2885	218
2886	373
2887	136
2888	0
2889	11
2890	33
2891	68
2892	13
2893	114
2894	82
2895	0
2896	0
2897	33
2898	0
2899	13
2900	13
2901	33
2902	33
2903	421
2904	0
2905	34
2906	33
2907	416
2908	373
2909	20
2910	409
2911	395
2912	421
2913	26
2914	373
2915	321
2916	373
2917	0
2918	0
2919	0
2920	68
2921	90
2922	12
2923	247
2924	13
2925	79
2926	137
2927	0
2928	0
2929	373
2930	33
2931	421
2932	400
2933	33
2934	373
2935	373
2936	117
2937	33
2938	373
2939	33
2940	0
2941	33
2942	33
2943	79
2944	33
2945	0
2946	11
2947	0
2948	360
2949	13
2950	33
2951	0
2952	33
2953	162
2954	373
2955	421
2956	33
2957	373
2958	42
2959	0
2960	373
2961	33
2962	33
2963	422
2964	136
2965	33
2966	314
2967	69
2968	373
2969	33
2970	421
2971	239
2972	441
2973	0
2974	373
2975	68
2976	27
2977	373
2978	68
2979	105
2980	373
2981	0
2982	20
2983	33
2984	33
2985	33
2986	33
2987	11
2988	373
2989	351
2990	436
2991	0
2992	373
2993	0
2994	13
2995	33
2996	309
2997	239
2998	309
2999	373
3000	33
3001	34
3002	0
3003	33
3004	359
3005	150
3006	0
3007	394
3008	236
3009	422
3010	105
3011	373
3012	33
3013	53
3014	214
3015	13
3016	0
3017	373
3018	27
3019	144
3020	33
3021	33
3022	57
3023	373
3024	341
3025	0
3026	373
3027	33
3028	33
3029	0
3030	394
3031	0
3032	0
3033	0
3034	33
3035	0
3036	0
3037	309
3038	33
3039	123
3040	421
3041	33
3042	0
3043	248
3044	82
3045	0
3046	0
3047	13
3048	33
3049	373
3050	13
3051	373
3052	33
3053	33
3054	34
3055	450
3056	33
3057	0
3058	373
3059	137
3060	33
3061	27
3062	33
3063	314
3064	208
3065	33
3066	33
3067	436
3068	9
3069	208
3070	373
3071	235
3072	314
3073	33
3074	105
3075	0
3076	441
3077	421
3078	0
3079	86
3080	0
3081	33
3082	13
3083	373
3084	0
3085	13
3086	373
3087	0
3088	142
3089	105
3090	421
3091	27
3092	395
3093	292
3094	33
3095	23
3096	13
3097	292
3098	53
3099	79
3100	399
3101	11
3102	441
3103	0
3104	33
3105	33
3106	33
3107	373
3108	33
3109	13
3110	292
3111	373
3112	421
3113	33
3114	395
3115	33
3116	158
3117	33
3118	373
3119	0
3120	373
3121	34
3122	0
3123	33
3124	373
3125	162
3126	33
3127	373
3128	11
3129	82
3130	162
3131	208
3132	0
3133	33
3134	373
3135	144
3136	421
3137	33
3138	33
3139	213
3140	27
3141	0
3142	33
3143	309
3144	11
3145	20
3146	53
3147	373
3148	136
3149	0
3150	19
3151	150
3152	373
3153	18
3154	33
3155	0
3156	0
3157	309
3158	350
3159	261
3160	11
3161	416
3162	0
3163	32
3164	33
3165	33
3166	33
3167	214
3168	0
3169	136
3170	13
3171	33
3172	68
3173	33
3174	27
3175	373
3176	0
3177	137
3178	0
3179	162
3180	79
3181	373
3182	419
3183	33
3184	137
3185	12
3186	79
3187	33
3188	242
3189	80
3190	0
3191	33
3192	11
3193	421
3194	68
3195	373
3196	162
3197	105
3198	33
3199	82
3200	314
3201	373
3202	261
3203	309
3204	28
3205	175
3206	314
3207	11
3208	13
3209	33
3210	0
3211	0
3212	314
3213	0
3214	274
3215	421
3216	110
3217	392
3218	33
3219	314
3220	27
3221	421
3222	441
3223	292
3224	0
3225	33
3226	314
3227	373
3228	13
3229	33
3230	85
3231	373
3232	294
3233	373
3234	83
3235	414
3236	414
3237	105
3238	129
3239	0
3240	422
3241	33
3242	55
3243	8
3244	33
3245	33
3246	373
3247	0
3248	32
3249	33
3250	11
3251	33
3252	373
3253	327
3254	292
3255	68
3256	33
3257	33
3258	162
3259	162
3260	0
3261	33
3262	0
3263	32
3264	20
3265	0
3266	373
3267	13
3268	33
3269	33
3270	33
3271	0
3272	0
3273	12
3274	33
3275	373
3276	294
3277	80
3278	0
3279	33
3280	33
3281	0
3282	136
3283	26
3284	175
3285	0
3286	0
3287	309
3288	0
3289	33
3290	33
3291	33
3292	175
3293	53
3294	11
3295	150
3296	175
3297	0
3298	0
3299	373
3300	348
3301	0
3302	32
3303	33
3304	0
3305	20
3306	33
3307	158
3308	0
3309	392
3310	373
3311	162
3312	314
3313	325
3314	33
3315	309
3316	441
3317	373
3318	7
3319	33
3320	373
3321	0
3322	33
3323	33
3324	292
3325	421
3326	312
3327	373
3328	373
3329	327
3330	11
3331	373
3332	11
3333	314
3334	395
3335	33
3336	388
3337	373
3338	353
3339	0
3340	373
3341	33
3342	33
3343	33
3344	68
3345	373
3346	33
3347	314
3348	0
3349	34
3350	13
3351	314
3352	33
3353	309
3354	0
3355	33
3356	0
3357	33
3358	0
3359	33
3360	33
3361	0
3362	150
3363	314
3364	91
3365	53
3366	0
3367	453
3368	33
3369	11
3370	33
3371	9
3372	80
3373	0
3374	0
3375	0
3376	33
3377	33
3378	34
3379	0
3380	395
3381	33
3382	373
3383	421
3384	0
3385	373
3386	162
3387	129
3388	421
3389	363
3390	79
3391	414
3392	373
3393	395
3394	105
3395	242
3396	414
3397	0
3398	0
3399	33
3400	421
3401	373
3402	214
3403	0
3404	33
3405	0
3406	341
3407	34
3408	162
3409	373
3410	294
3411	33
3412	0
3413	33
3414	414
3415	309
3416	33
3417	373
3418	373
3419	0
3420	0
3421	11
3422	33
3423	33
3424	239
3425	175
3426	383
3427	0
3428	11
3429	0
3430	158
3431	373
3432	150
3433	306
3434	314
3435	408
3436	150
3437	396
3438	13
3439	373
3440	13
3441	33
3442	33
3443	0
3444	258
3445	53
3446	13
3447	221
3448	33
3449	139
3450	373
3451	373
3452	33
3453	0
3454	33
3455	0
3456	162
3457	33
3458	314
3459	33
3460	33
3461	277
3462	373
3463	33
3464	33
3465	421
3466	314
3467	314
3468	283
3469	395
3470	0
3471	373
3472	33
3473	34
3474	373
3475	314
3476	11
3477	13
3478	68
3479	162
3480	33
3481	33
3482	13
3483	373
3484	33
3485	33
3486	0
3487	33
3488	373
3489	436
3490	11
3491	33
3492	20
3493	158
3494	373
3495	32
3496	136
3497	373
3498	400
3499	412
3500	441
3501	0
3502	33
3503	216
3504	292
3505	0
3506	11
3507	0
3508	162
3509	51
3510	0
3511	277
3512	33
3513	33
3514	120
3515	441
3516	13
3517	394
3518	0
3519	20
3520	33
3521	373
3522	0
3523	395
3524	0
3525	0
3526	33
3527	0
3528	0
3529	314
3530	133
3531	359
3532	150
3533	373
3534	314
3535	153
3536	33
3537	0
3538	0
3539	81
3540	373
3541	0
3542	33
3543	33
3544	446
3545	162
3546	314
3547	86
3548	373
3549	409
3550	436
3551	0
3552	0
3553	421
3554	0
3555	0
3556	105
3557	13
3558	0
3559	0
3560	33
3561	13
3562	33
3563	34
3564	13
3565	373
3566	33
3567	373
3568	0
3569	242
3570	392
3571	162
3572	373
3573	373
3574	373
3575	118
3576	309
3577	0
3578	33
3579	0
3580	33
3581	33
3582	20
3583	441
3584	0
3585	0
3586	11
3587	0
3588	35
3589	441
3590	162
3591	33
3592	373
3593	248
3594	137
3595	33
3596	441
3597	20
3598	162
3599	82
3600	394
3601	239
3602	134
3603	0
3604	156
3605	13
3606	373
3607	0
3608	0
3609	7
3610	32
3611	33
3612	314
3613	33
3614	136
3615	33
3616	0
3617	0
3618	373
3619	422
3620	0
3621	33
3622	0
3623	271
3624	13
3625	373
3626	373
3627	0
3628	230
3629	0
3630	373
3631	29
3632	33
3633	0
3634	33
3635	16
3636	394
3637	314
3638	236
3639	34
3640	11
3641	441
3642	20
3643	416
3644	0
3645	11
3646	33
3647	11
3648	33
3649	0
3650	373
3651	0
3652	33
3653	309
3654	373
3655	0
3656	421
3657	33
3658	13
3659	0
3660	27
3661	0
3662	105
3663	247
3664	105
3665	309
3666	34
3667	0
3668	32
3669	33
3670	20
3671	162
3672	32
3673	309
3674	33
3675	33
3676	33
3677	0
3678	373
3679	7
3680	0
3681	0
3682	373
3683	0
3684	11
3685	314
3686	34
3687	33
3688	373
3689	373
3690	423
3691	32
3692	373
3693	143
3694	27
3695	8
3696	0
3697	0
3698	421
3699	395
3700	0
3701	0
3702	441
3703	0
3704	137
3705	441
3706	33
3707	436
3708	373
3709	418
3710	373
3711	79
3712	33
3713	79
3714	0
3715	0
3716	309
3717	0
3718	13
3719	309
3720	368
3721	33
3722	309
3723	325
3724	395
3725	0
3726	441
3727	129
3728	46
3729	421
3730	33
3731	33
3732	344
3733	11
3734	373
3735	13
3736	13
3737	0
3738	12
3739	136
3740	33
3741	0
3742	373
3743	421
3744	137
3745	0
3746	314
3747	33
3748	0
3749	33
3750	309
3751	33
3752	33
3753	373
3754	422
3755	292
3756	158
3757	373
3758	450
3759	13
3760	373
3761	373
3762	33
3763	33
3764	373
3765	13
3766	309
3767	0
3768	0
3769	68
3770	158
3771	79
3772	13
3773	33
3774	0
3775	208
3776	373
3777	79
3778	13
3779	0
3780	33
3781	373
3782	0
3783	0
3784	11
3785	25
3786	348
3787	33
3788	373
3789	373
3790	373
3791	33
3792	33
3793	13
3794	162
3795	0
3796	0
3797	421
3798	373
3799	0
3800	373
3801	373
3802	20
3803	394
3804	0
3805	373
3806	0
3807	373
3808	33
3809	0
3810	373
3811	0
3812	11
3813	314
3814	373
3815	373
3816	53
3817	137
3818	214
3819	68
3820	367
3821	13
3822	373
3823	373
3824	143
3825	314
3826	33
3827	68
3828	373
3829	79
3830	257
3831	0
3832	143
3833	373
3834	373
3835	314
3836	0
3837	258
3838	11
3839	0
3840	189
3841	0
3842	27
3843	13
3844	0
3845	0
3846	0
3847	0
3848	33
3849	33
3850	33
3851	309
3852	162
3853	0
3854	441
3855	373
3856	26
3857	373
3858	105
3859	33
3860	129
3861	373
3862	395
3863	33
3864	82
3865	207
3866	373
3867	373
3868	414
3869	373
3870	182
3871	0
3872	33
3873	33
3874	33
3875	441
3876	11
3877	286
3878	314
3879	158
3880	0
3881	373
3882	13
3883	33
3884	33
3885	0
3886	0
3887	158
3888	68
3889	395
3890	421
3891	0
3892	0
3893	33
3894	202
3895	373
3896	86
3897	314
3898	11
3899	79
3900	421
3901	395
3902	0
3903	144
3904	373
3905	33
3906	0
3907	373
3908	314
3909	0
3910	33
3911	314
3912	143
3913	0
3914	33
3915	13
3916	286
3917	421
3918	33
3919	33
3920	105
3921	373
3922	0
3923	0
3924	0
3925	0
3926	441
3927	34
3928	373
3929	314
3930	13
3931	33
3932	309
3933	33
3934	33
3935	373
3936	421
3937	394
3938	32
3939	422
3940	371
3941	373
3942	373
3943	32
3944	0
3945	86
3946	158
3947	241
3948	0
3949	373
3950	394
3951	33
3952	349
3953	162
3954	138
3955	362
3956	20
3957	373
3958	194
3959	0
3960	325
3961	0
3962	33
3963	11
3964	373
3965	414
3966	13
3967	20
3968	13
3969	162
3970	79
3971	33
3972	0
3973	373
3974	450
3975	373
3976	314
3977	33
3978	33
3979	373
3980	441
3981	373
3982	32
3983	373
3984	33
3985	33
3986	0
3987	193
3988	33
3989	314
3990	31
3991	0
3992	33
3993	441
3994	0
3995	419
3996	13
3997	27
3998	0
3999	61
4000	33
4001	0
4002	83
4003	441
4004	33
4005	33
4006	11
4007	33
4008	33
4009	373
4010	373
4011	421
4012	33
4013	0
4014	314
4015	325
4016	236
4017	373
4018	421
4019	11
4020	309
4021	82
4022	68
4023	59
4024	20
4025	373
4026	199
4027	0
4028	248
4029	33
4030	373
4031	33
4032	32
4033	417
4034	204
4035	33
4036	33
4037	314
4038	0
4039	33
4040	33
4041	68
4042	33
4043	373
4044	13
4045	309
4046	419
4047	33
4048	105
4049	373
4050	20
4051	33
4052	162
4053	53
4054	0
4055	373
4056	79
4057	79
4058	138
4059	143
4060	367
4061	406
4062	11
4063	33
4064	13
4065	373
4066	0
4067	314
4068	212
4069	373
4070	0
4071	175
4072	33
4073	33
4074	11
4075	33
4076	373
4077	33
4078	0
4079	351
4080	0
4081	33
4082	373
4083	373
4084	373
4085	0
4086	395
4087	33
4088	314
4089	59
4090	33
4091	11
4092	395
4093	20
4094	33
4095	373
4096	395
4097	0
4098	314
4099	0
4100	0
4101	314
4102	394
4103	421
4104	373
4105	421
4106	373
4107	13
4108	394
4109	373
4110	0
4111	373
4112	421
4113	204
4114	33
4115	441
4116	33
4117	394
4118	33
4119	11
4120	373
4121	33
4122	0
4123	323
4124	373
4125	394
4126	33
4127	314
4128	0
4129	33
4130	33
4131	0
4132	137
4133	0
4134	11
4135	295
4136	105
4137	261
4138	79
4139	0
4140	0
4141	33
4142	422
4143	373
4144	121
4145	0
4146	33
4147	0
4148	162
4149	26
4150	421
4151	33
4152	0
4153	13
4154	30
4155	239
4156	34
4157	421
4158	373
4159	33
4160	162
4161	105
4162	33
4163	421
4164	33
4165	0
4166	33
4167	68
4168	0
4169	421
4170	68
4171	0
4172	309
4173	309
4174	33
4175	33
4176	33
4177	0
4178	251
4179	33
4180	0
4181	0
4182	20
4183	421
4184	33
4185	309
4186	325
4187	33
4188	395
4189	450
4190	33
4191	0
4192	33
4193	33
4194	263
4195	421
4196	33
4197	309
4198	0
4199	157
4200	0
4201	0
4202	0
4203	421
4204	68
4205	373
4206	105
4207	12
4208	0
4209	61
4210	137
4211	33
4212	0
4213	33
4214	33
4215	241
4216	13
4217	33
4218	258
4219	373
4220	373
4221	33
4222	373
4223	314
4224	33
4225	11
4226	33
4227	26
4228	414
4229	397
4230	33
4231	152
4232	20
4233	314
4234	325
4235	373
4236	33
4237	114
4238	373
4239	59
4240	261
4241	0
4242	414
4243	32
4244	33
4245	0
4246	11
4247	25
4248	33
4249	162
4250	373
4251	27
4252	314
4253	0
4254	373
4255	33
4256	68
4257	373
4258	0
4259	373
4260	33
4261	373
4262	429
4263	309
4264	33
4265	28
4266	61
4267	0
4268	13
4269	138
4270	422
4271	33
4272	373
4273	0
4274	12
4275	373
4276	0
4277	0
4278	0
4279	33
4280	0
4281	26
4282	401
4283	33
4284	79
4285	0
4286	33
4287	33
4288	33
4289	0
4290	33
4291	136
4292	13
4293	0
4294	282
4295	421
4296	13
4297	80
4298	33
4299	0
4300	0
4301	33
4302	422
4303	0
4304	421
4305	33
4306	11
4307	373
4308	33
4309	0
4310	0
4311	373
4312	373
4313	373
4314	131
4315	309
4316	373
4317	373
4318	373
4319	162
4320	416
4321	162
4322	0
4323	248
4324	0
4325	436
4326	105
4327	450
4328	247
4329	373
4330	0
4331	344
4332	0
4333	416
4334	33
4335	13
4336	79
4337	314
4338	33
4339	13
4340	13
4341	373
4342	33
4343	57
4344	201
4345	0
4346	247
4347	68
4348	23
4349	32
4350	32
4351	421
4352	11
4353	111
4354	33
4355	314
4356	128
4357	373
4358	33
4359	0
4360	373
4361	0
4362	0
4363	373
4364	33
4365	68
4366	162
4367	139
4368	0
4369	111
4370	373
4371	87
4372	33
4373	373
4374	26
4375	12
4376	0
4377	33
4378	33
4379	78
4380	11
4381	33
4382	309
4383	394
4384	373
4385	105
4386	162
4387	0
4388	11
4389	414
4390	32
4391	0
4392	421
4393	300
4394	11
4395	0
4396	33
4397	11
4398	373
4399	33
4400	11
4401	13
4402	314
4403	11
4404	314
4405	373
4406	32
4407	364
4408	421
4409	314
4410	309
4411	441
4412	0
4413	33
4414	33
4415	373
4416	0
4417	162
4418	373
4419	421
4420	0
4421	0
4422	137
4423	27
4424	257
4425	11
4426	373
4427	0
4428	309
4429	7
4430	33
4431	0
4432	175
4433	12
4434	314
4435	13
4436	33
4437	359
4438	33
4439	0
4440	33
4441	0
4442	436
4443	88
4444	0
4445	373
4446	162
4447	33
4448	373
4449	33
4450	129
4451	33
4452	373
4453	373
4454	414
4455	13
4456	0
4457	33
4458	0
4459	373
4460	314
4461	82
4462	33
4463	275
4464	248
4465	32
4466	0
4467	80
4468	0
4469	373
4470	162
4471	33
4472	68
4473	0
4474	34
4475	0
4476	373
4477	422
4478	309
4479	79
4480	314
4481	53
4482	373
4483	0
4484	421
4485	373
4486	136
4487	79
4488	0
4489	136
4490	33
4491	33
4492	373
4493	136
4494	32
4495	105
4496	0
4497	258
4498	423
4499	257
4500	421
4501	33
4502	11
4503	129
4504	33
4505	32
4506	373
4507	33
4508	373
4509	33
4510	0
4511	248
4512	263
4513	32
4514	82
4515	373
4516	0
4517	0
4518	436
4519	373
4520	33
4521	33
4522	105
4523	418
4524	248
4525	0
4526	0
4527	11
4528	33
4529	373
4530	373
4531	359
4532	373
4533	436
4534	68
4535	309
4536	34
4537	33
4538	11
4539	241
4540	373
4541	421
4542	144
4543	33
4544	33
4545	33
4546	373
4547	341
4548	20
4549	441
4550	373
4551	33
4552	162
4553	0
4554	373
4555	0
4556	68
4557	11
4558	0
4559	373
4560	162
4561	11
4562	33
4563	105
4564	33
4565	373
4566	373
4567	314
4568	395
4569	373
4570	441
4571	33
4572	13
4573	33
4574	33
4575	373
4576	33
4577	0
4578	0
4579	421
4580	0
4581	162
4582	11
4583	33
4584	0
4585	373
4586	33
4587	309
4588	416
4589	373
4590	0
4591	0
4592	373
4593	0
4594	87
4595	162
4596	373
4597	33
4598	351
4599	33
4600	88
4601	0
4602	33
4603	11
4604	292
4605	0
4606	33
4607	13
4608	33
4609	13
4610	209
4611	33
4612	33
4613	314
4614	33
4615	373
4616	33
4617	0
4618	33
4619	13
4620	441
4621	68
4622	373
4623	0
4624	421
4625	105
4626	199
4627	11
4628	105
4629	0
4630	125
4631	33
4632	68
4633	33
4634	162
4635	33
4636	11
4637	373
4638	175
4639	0
4640	392
4641	33
4642	82
4643	314
4644	177
4645	0
4646	354
4647	162
4648	33
4649	0
4650	314
4651	0
4652	33
4653	105
4654	68
4655	0
4656	0
4657	68
4658	421
4659	11
4660	0
4661	32
4662	309
4663	162
4664	309
4665	421
4666	33
4667	204
4668	0
4669	11
4670	162
4671	13
4672	33
4673	0
4674	33
4675	34
4676	0
4677	57
4678	33
4679	373
4680	373
4681	33
4682	33
4683	314
4684	422
4685	0
4686	33
4687	450
4688	32
4689	0
4690	258
4691	68
4692	421
4693	373
4694	162
4695	0
4696	314
4697	424
4698	11
4699	33
4700	373
4701	33
4702	373
4703	53
4704	373
4705	13
4706	33
4707	33
4708	441
4709	0
4710	33
4711	33
4712	33
4713	314
4714	150
4715	162
4716	373
4717	373
4718	314
4719	33
4720	373
4721	373
4722	400
4723	162
4724	416
4725	33
4726	373
4727	0
4728	82
4729	61
4730	33
4731	373
4732	137
4733	373
4734	392
4735	422
4736	421
4737	33
4738	374
4739	33
4740	373
4741	33
4742	373
4743	32
4744	0
4745	105
4746	421
4747	162
4748	395
4749	309
4750	80
4751	247
4752	33
4753	309
4754	0
4755	373
4756	33
4757	32
4758	33
4759	373
4760	162
4761	33
4762	34
4763	68
4764	373
4765	421
4766	11
4767	208
4768	373
4769	0
4770	162
4771	373
4772	33
4773	314
4774	0
4775	143
4776	34
4777	33
4778	33
4779	373
4780	33
4781	309
4782	33
4783	26
4784	33
4785	0
4786	373
4787	32
4788	208
4789	373
4790	392
4791	68
4792	13
4793	373
4794	33
4795	13
4796	279
4797	27
4798	450
4799	33
4800	309
4801	33
4802	33
4803	33
4804	373
4805	0
4806	208
4807	422
4808	33
4809	34
4810	153
4811	132
4812	0
4813	0
4814	27
4815	309
4816	373
4817	0
4818	233
4819	11
4820	26
4821	395
4822	373
4823	0
4824	27
4825	33
4826	30
4827	33
4828	33
4829	33
4830	373
4831	68
4832	59
4833	0
4834	204
4835	0
4836	0
4837	0
4838	309
4839	33
4840	33
4841	314
4842	33
4843	236
4844	33
4845	309
4846	150
4847	394
4848	11
4849	150
4850	105
4851	162
4852	0
4853	421
4854	137
4855	373
4856	0
4857	373
4858	79
4859	248
4860	175
4861	0
4862	314
4863	373
4864	33
4865	399
4866	33
4867	11
4868	0
4869	33
4870	33
4871	373
4872	314
4873	33
4874	68
4875	0
4876	421
4877	309
4878	373
4879	0
4880	373
4881	373
4882	82
4883	273
4884	309
4885	33
4886	258
4887	261
4888	13
4889	0
4890	373
4891	33
4892	0
4893	33
4894	419
4895	13
4896	373
4897	314
4898	314
4899	373
4900	105
4901	143
4902	81
4903	0
4904	309
4905	33
4906	140
4907	162
4908	208
4909	373
4910	33
4911	373
4912	373
4913	0
4914	373
4915	79
4916	0
4917	373
4918	26
4919	33
4920	309
4921	11
4922	373
4923	0
4924	34
4925	158
4926	309
4927	0
4928	278
4929	33
4930	0
4931	373
4932	0
4933	86
4934	137
4935	33
4936	421
4937	373
4938	13
4939	84
4940	309
4941	422
4942	0
4943	373
4944	326
4945	137
4946	68
4947	162
4948	132
4949	162
4950	373
4951	27
4952	373
4953	373
4954	18
4955	314
4956	373
4957	11
4958	27
4959	33
4960	373
4961	314
4962	33
4963	286
4964	394
4965	373
4966	373
4967	0
4968	33
4969	53
4970	198
4971	373
4972	0
4973	68
4974	0
4975	11
4976	314
4977	0
4978	0
4979	0
4980	0
4981	33
4982	162
4983	33
4984	410
4985	355
4986	33
4987	0
4988	373
4989	309
4990	157
4991	13
4992	33
4993	33
4994	373
4995	0
4996	373
4997	0
4998	33
4999	33
5000	13
5001	33
5002	314
5003	33
5004	33
5005	162
5006	314
5007	162
5008	0
5009	33
5010	343
5011	34
5012	373
5013	394
5014	0
5015	79
5016	257
5017	0
5018	373
5019	34
5020	33
5021	421
5022	162
5023	32
5024	91
5025	138
5026	33
5027	13
5028	0
5029	33
5030	162
5031	80
5032	0
5033	373
5034	0
5035	373
5036	373
5037	373
5038	0
5039	26
5040	359
5041	33
5042	162
5043	184
5044	61
5045	373
5046	33
5047	373
5048	373
5049	436
5050	0
5051	373
5052	33
5053	441
5054	79
5055	309
5056	0
5057	0
5058	211
5059	373
5060	33
5061	33
5062	33
5063	0
5064	0
5065	162
5066	119
5067	33
5068	0
5069	453
5070	309
5071	34
5072	93
5073	212
5074	32
5075	33
5076	32
5077	118
5078	208
5079	53
5080	13
5081	162
5082	13
5083	162
5084	373
5085	33
5086	158
5087	144
5088	35
5089	0
5090	203
5091	309
5092	416
5093	395
5094	33
5095	33
5096	0
5097	0
5098	0
5099	0
5100	373
5101	421
5102	294
5103	0
5104	33
5105	309
5106	422
5107	0
5108	32
5109	373
5110	314
5111	13
5112	27
5113	0
5114	373
5115	53
5116	373
5117	0
5118	0
5119	417
5120	202
5121	33
5122	441
5123	421
5124	0
5125	395
5126	88
5127	26
5128	351
5129	169
5130	162
5131	33
5132	373
5133	11
5134	26
5135	13
5136	373
5137	105
5138	373
5139	32
5140	33
5141	33
5142	373
5143	68
5144	33
5145	314
5146	33
5147	20
5148	27
5149	129
5150	373
5151	373
5152	361
5153	0
5154	0
5155	373
5156	373
5157	105
5158	33
5159	33
5160	33
5161	0
5162	33
5163	309
5164	13
5165	417
5166	392
5167	373
5168	0
5169	373
5170	0
5171	150
5172	11
5173	254
5174	33
5175	32
5176	0
5177	314
5178	79
5179	33
5180	0
5181	33
5182	33
5183	33
5184	373
5185	44
5186	373
5187	33
5188	193
5189	0
5190	33
5191	61
5192	394
5193	1
5194	13
5195	136
5196	373
5197	33
5198	33
5199	31
5200	13
5201	33
5202	13
5203	176
5204	33
5205	33
5206	33
5207	436
5208	33
5209	373
5210	33
5211	138
5212	395
5213	373
5214	68
5215	105
5216	0
5217	135
5218	341
5219	373
5220	0
5221	11
5222	0
5223	31
5224	367
5225	441
5226	421
5227	80
5228	33
5229	13
5230	373
5231	68
5232	38
5233	137
5234	328
5235	373
5236	13
5237	11
5238	415
5239	132
5240	314
5241	33
5242	13
5243	88
5244	418
5245	0
5246	0
5247	373
5248	373
5249	144
5250	33
5251	162
5252	422
5253	0
5254	174
5255	373
5256	105
5257	33
5258	33
5259	33
5260	13
5261	7
5262	33
5263	150
5264	373
5265	373
5266	33
5267	421
5268	33
5269	0
5270	0
5271	33
5272	33
5273	373
5274	0
5275	248
5276	0
5277	373
5278	33
5279	33
5280	421
5281	68
5282	0
5283	33
5284	373
5285	373
5286	33
5287	373
5288	33
5289	373
5290	419
5291	13
5292	373
5293	33
5294	314
5295	33
5296	373
5297	20
5298	109
5299	32
5300	0
5301	309
5302	0
5303	208
5304	13
5305	68
5306	27
5307	27
5308	33
5309	421
5310	208
5311	33
5312	373
5313	82
5314	13
5315	395
5316	33
5317	0
5318	33
5319	410
5320	292
5321	162
5322	314
5323	13
5324	105
5325	373
5326	206
5327	373
5328	399
5329	0
5330	422
5331	373
5332	0
5333	265
5334	441
5335	0
5336	12
5337	97
5338	162
5339	44
5340	0
5341	33
5342	373
5343	13
5344	373
5345	162
5346	33
5347	33
5348	221
5349	33
5350	373
5351	0
5352	105
5353	33
5354	348
5355	33
5356	33
5357	0
5358	214
5359	26
5360	33
5361	373
5362	33
5363	192
5364	416
5365	34
5366	33
5367	373
5368	86
5369	27
5370	373
5371	0
5372	373
5373	33
5374	13
5375	137
5376	441
5377	162
5378	162
5379	373
5380	314
5381	144
5382	373
5383	33
5384	0
5385	33
5386	0
5387	33
5388	135
5389	0
5390	162
5391	373
5392	373
5393	314
5394	441
5395	162
5396	14
5397	0
5398	373
5399	0
5400	0
5401	162
5402	33
5403	0
5404	373
5405	12
5406	373
5407	59
5408	34
5409	441
5410	33
5411	373
5412	162
5413	314
5414	26
5415	136
5416	175
5417	359
5418	68
5419	11
5420	373
5421	373
5422	373
5423	373
5424	0
5425	80
5426	162
5427	33
5428	33
5429	13
5430	294
5431	373
5432	32
5433	441
5434	33
5435	373
5436	373
5437	0
5438	0
5439	314
5440	422
5441	0
5442	314
5443	33
5444	421
5445	373
5446	11
5447	0
5448	373
5449	33
5450	0
5451	33
5452	419
5453	373
5454	162
5455	79
5456	32
5457	86
5458	27
5459	13
5460	13
5461	33
5462	33
5463	33
5464	32
5465	68
5466	33
5467	6
5468	3
5469	33
5470	248
5471	33
5472	373
5473	0
5474	33
5475	0
5476	0
5477	33
5478	162
5479	0
5480	394
5481	229
5482	33
5483	294
5484	33
5485	11
5486	421
5487	373
5488	13
5489	314
5490	0
5491	0
5492	61
5493	0
5494	88
5495	33
5496	32
5497	20
5498	373
5499	33
5500	0
5501	309
5502	33
5503	0
5504	11
5505	314
5506	11
5507	33
5508	421
5509	33
5510	0
5511	11
5512	0
5513	446
5514	422
5515	68
5516	241
5517	0
5518	373
5519	33
5520	314
5521	414
5522	53
5523	26
5524	314
5525	88
5526	373
5527	373
5528	13
5529	373
5530	212
5531	162
5532	33
5533	162
5534	247
5535	27
5536	0
5537	33
5538	33
5539	204
5540	373
5541	33
5542	33
5543	373
5544	33
5545	33
5546	33
5547	0
5548	33
5549	314
5550	0
5551	373
5552	208
5553	33
5554	0
5555	373
5556	0
5557	18
5558	11
5559	314
5560	373
5561	13
5562	373
5563	0
5564	33
5565	27
5566	373
5567	373
5568	33
5569	359
5570	33
5571	373
5572	441
5573	162
5574	367
5575	393
5576	33
5577	140
5578	33
5579	74
5580	0
5581	314
5582	450
5583	13
5584	11
5585	373
5586	373
5587	373
5588	0
5589	373
5590	33
5591	11
5592	0
5593	0
5594	33
5595	33
5596	373
5597	68
5598	0
5599	33
5600	26
5601	162
5602	421
5603	197
5604	450
5605	314
5606	33
5607	0
5608	208
5609	61
5610	204
5611	441
5612	400
5613	33
5614	204
5615	18
5616	382
5617	0
5618	86
5619	34
5620	266
5621	0
5622	33
5623	0
5624	0
5625	247
5626	136
5627	352
5628	33
5629	309
5630	13
5631	13
5632	11
5633	314
5634	33
5635	0
5636	33
5637	25
5638	0
5639	247
5640	11
5641	33
5642	89
5643	373
5644	373
5645	0
5646	33
5647	300
5648	441
5649	421
5650	34
5651	53
5652	105
5653	309
5654	33
5655	296
5656	137
5657	400
5658	373
5659	33
5660	82
5661	33
5662	351
5663	33
5664	33
5665	0
5666	144
5667	413
5668	214
5669	373
5670	85
5671	0
5672	421
5673	33
5674	33
5675	0
5676	32
5677	33
5678	33
5679	68
5680	314
5681	367
5682	0
5683	410
5684	33
5685	68
5686	105
5687	150
5688	373
5689	421
5690	421
5691	20
5692	11
5693	314
5694	309
5695	53
5696	33
5697	33
5698	136
5699	33
5700	422
5701	421
5702	373
5703	0
5704	32
5705	158
5706	30
5707	61
5708	33
5709	0
5710	7
5711	32
5712	13
5713	0
5714	9
5715	0
5716	13
5717	68
5718	312
5719	314
5720	143
5721	373
5722	373
5723	0
5724	0
5725	373
5726	373
5727	373
5728	33
5729	373
5730	105
5731	373
5732	33
5733	68
5734	373
5735	13
5736	5
5737	68
5738	418
5739	34
5740	33
5741	373
5742	13
5743	0
5744	414
5745	0
5746	373
5747	33
5748	0
5749	26
5750	33
5751	129
5752	33
5753	33
5754	450
5755	399
5756	0
5757	0
5758	80
5759	0
5760	13
5761	205
5762	33
5763	26
5764	32
5765	82
5766	33
5767	0
5768	314
5769	20
5770	34
5771	79
5772	373
5773	395
5774	314
5775	314
5776	33
5777	79
5778	33
5779	30
5780	373
5781	373
5782	13
5783	20
5784	33
5785	422
5786	373
5787	32
5788	33
5789	236
5790	33
5791	394
5792	33
5793	105
5794	34
5795	33
5796	164
5797	33
5798	33
5799	207
5800	421
5801	33
5802	33
5803	33
5804	373
5805	33
5806	11
5807	125
5808	33
5809	373
5810	314
5811	33
5812	26
5813	435
5814	33
5815	0
5816	132
5817	0
5818	11
5819	0
5820	33
5821	0
5822	33
5823	421
5824	450
5825	57
5826	421
5827	33
5828	33
5829	0
5830	0
5831	373
5832	421
5833	27
5834	248
5835	303
5836	0
5837	13
5838	13
5839	33
5840	105
5841	33
5842	20
5843	341
5844	373
5845	0
5846	11
5847	0
5848	180
5849	0
5850	162
5851	256
5852	33
5853	372
5854	175
5855	11
5856	373
5857	82
5858	373
5859	247
5860	33
5861	110
5862	33
5863	137
5864	373
5865	0
5866	278
5867	314
5868	162
5869	395
5870	20
5871	33
5872	33
5873	395
5874	33
5875	33
5876	373
5877	0
5878	0
5879	79
5880	414
5881	214
5882	0
5883	373
5884	0
5885	0
5886	11
5887	309
5888	441
5889	13
5890	33
5891	373
5892	421
5893	0
5894	414
5895	309
5896	9
5897	9
5898	33
5899	80
5900	33
5901	33
5902	0
5903	33
5904	162
5905	373
5906	33
5907	395
5908	33
5909	373
5910	68
5911	0
5912	214
5913	0
5914	0
5915	421
5916	105
5917	435
5918	137
5919	373
5920	182
5921	31
5922	208
5923	421
5924	354
5925	137
5926	106
5927	13
5928	441
5929	294
5930	242
5931	68
5932	13
5933	309
5934	309
5935	68
5936	0
5937	13
5938	33
5939	33
5940	314
5941	137
5942	373
5943	373
5944	0
5945	373
5946	257
5947	314
5948	33
5949	314
5950	0
5951	33
5952	208
5953	13
5954	26
5955	13
5956	0
5957	0
5958	33
5959	0
5960	373
5961	416
5962	0
5963	157
5964	373
5965	33
5966	33
5967	373
5968	11
5969	0
5970	33
5971	373
5972	33
5973	0
5974	13
5975	373
5976	0
5977	33
5978	162
5979	373
5980	162
5981	421
5982	0
5983	11
5984	33
5985	359
5986	373
5987	0
5988	373
5989	373
5990	33
5991	20
5992	30
5993	32
5994	373
5995	373
5996	53
5997	13
5998	33
5999	137
6000	34
6001	0
6002	33
6003	33
6004	351
6005	373
6006	421
6007	33
6008	373
6009	11
6010	12
6011	112
6012	373
6013	282
6014	33
6015	395
6016	105
6017	33
6018	32
6019	162
6020	11
6021	0
6022	208
6023	373
6024	247
6025	0
6026	98
6027	32
6028	21
6029	33
6030	0
6031	33
6032	0
6033	0
6034	373
6035	33
6036	34
6037	33
6038	0
6039	314
6040	33
6041	162
6042	150
6043	0
6044	33
6045	214
6046	11
6047	395
6048	33
6049	0
6050	11
6051	0
6052	347
6053	0
6054	359
6055	0
6056	314
6057	373
6058	32
6059	0
6060	11
6061	13
6062	0
6063	373
6064	33
6065	13
6066	421
6067	359
6068	136
6069	421
6070	33
6071	18
6072	33
6073	175
6074	0
6075	33
6076	132
6077	245
6078	0
6079	0
6080	369
6081	33
6082	11
6083	11
6084	0
6085	0
6086	34
6087	53
6088	309
6089	0
6090	0
6091	13
6092	204
6093	33
6094	314
6095	33
6096	373
6097	0
6098	13
6099	162
6100	33
6101	20
6102	33
6103	373
6104	373
6105	212
6106	136
6107	373
6108	0
6109	309
6110	33
6111	13
6112	33
6113	0
6114	0
6115	0
6116	79
6117	34
6118	13
6119	33
6120	0
6121	33
6122	33
6123	150
6124	0
6125	373
6126	314
6127	314
6128	33
6129	33
6130	11
6131	373
6132	33
6133	373
6134	0
6135	27
6136	33
6137	105
6138	0
6139	127
6140	13
6141	0
6142	68
6143	137
6144	33
6145	414
6146	373
6147	373
6148	314
6149	309
6150	395
6151	80
6152	80
6153	33
6154	373
6155	19
6156	33
6157	182
6158	351
6159	309
6160	254
6161	373
6162	309
6163	0
6164	441
6165	9
6166	79
6167	421
6168	395
6169	33
6170	373
6171	68
6172	0
6173	33
6174	373
6175	33
6176	62
6177	68
6178	33
6179	212
6180	162
6181	0
6182	373
6183	143
6184	33
6185	13
6186	373
6187	11
6188	11
6189	28
6190	68
6191	32
6192	309
6193	16
6194	248
6195	373
6196	11
6197	373
6198	11
6199	33
6200	421
6201	11
6202	421
6203	33
6204	0
6205	314
6206	33
6207	136
6208	314
6209	422
6210	33
6211	162
6212	0
6213	441
6214	421
6215	373
6216	79
6217	435
6218	33
6219	417
6220	11
6221	247
6222	32
6223	33
6224	248
6225	324
6226	33
6227	33
6228	314
6229	0
6230	33
6231	13
6232	162
6233	33
6234	321
6235	33
6236	373
6237	34
6238	5
6239	162
6240	162
6241	394
6242	0
6243	373
6244	68
6245	373
6246	33
6247	33
6248	0
6249	247
6250	157
6251	373
6252	373
6253	422
6254	309
6255	314
6256	33
6257	150
6258	33
6259	373
6260	13
6261	359
6262	373
6263	373
6264	33
6265	0
6266	68
6267	162
6268	270
6269	300
6270	0
6271	359
6272	137
6273	314
6274	33
6275	79
6276	399
6277	421
6278	314
6279	13
6280	0
6281	422
6282	0
6283	0
6284	452
6285	32
6286	33
6287	373
6288	0
6289	0
6290	33
6291	421
6292	33
6293	0
6294	79
6295	33
6296	0
6297	0
6298	447
6299	0
6300	33
6301	162
6302	33
6303	0
6304	33
6305	0
6306	33
6307	136
6308	13
6309	33
6310	33
6311	13
6312	0
6313	0
6314	11
6315	373
6316	33
6317	367
6318	204
6319	20
6320	33
6321	32
6322	0
6323	33
6324	143
6325	321
6326	33
6327	273
6328	373
6329	33
6330	0
6331	11
6332	441
6333	373
6334	0
6335	415
6336	162
6337	0
6338	0
6339	314
6340	0
6341	290
6342	394
6343	373
6344	31
6345	26
6346	33
6347	68
6348	212
6349	32
6350	152
6351	373
6352	162
6353	67
6354	13
6355	162
6356	11
6357	137
6358	250
6359	33
6360	33
6361	11
6362	132
6363	373
6364	33
6365	33
6366	373
6367	33
6368	0
6369	53
6370	137
6371	18
6372	373
6373	421
6374	13
6375	0
6376	136
6377	50
6378	0
6379	394
6380	0
6381	373
6382	33
6383	33
6384	0
6385	33
6386	334
6387	30
6388	33
6389	33
6390	33
6391	33
6392	162
6393	18
6394	292
6395	33
6396	373
6397	373
6398	395
6399	53
6400	33
6401	0
6402	373
6403	31
6404	395
6405	33
6406	373
6407	11
6408	366
6409	0
6410	395
6411	137
6412	373
6413	0
6414	373
6415	373
6416	205
6417	373
6418	105
6419	34
6420	33
6421	373
6422	0
6423	57
6424	0
6425	150
6426	450
6427	53
6428	11
6429	33
6430	0
6431	373
6432	33
6433	11
6434	150
6435	422
6436	0
6437	443
6438	441
6439	373
6440	13
6441	317
6442	258
6443	373
6444	258
6445	274
6446	11
6447	421
6448	282
6449	373
6450	162
6451	422
6452	162
6453	373
6454	33
6455	150
6456	33
6457	0
6458	361
6459	11
6460	348
6461	204
6462	266
6463	314
6464	0
6465	11
6466	33
6467	33
6468	13
6469	314
6470	33
6471	0
6472	421
6473	0
6474	33
6475	373
6476	33
6477	314
6478	309
6479	0
6480	359
6481	33
6482	314
6483	373
6484	373
6485	0
6486	33
6487	395
6488	0
6489	137
6490	309
6491	0
6492	13
6493	416
6494	33
6495	33
6496	33
6497	0
6498	373
6499	33
6500	373
6501	394
6502	137
6503	0
6504	33
6505	373
6506	33
6507	421
6508	373
6509	0
6510	0
6511	33
6512	0
6513	422
6514	11
6515	373
6516	159
6517	373
6518	105
6519	373
6520	309
6521	11
6522	33
6523	162
6524	422
6525	373
6526	162
6527	34
6528	150
6529	441
6530	34
6531	105
6532	395
6533	11
6534	33
6535	373
6536	105
6537	0
6538	309
6539	33
6540	0
6541	33
6542	393
6543	0
6544	105
6545	421
6546	0
6547	414
6548	32
6549	33
6550	0
6551	162
6552	373
6553	33
6554	0
6555	373
6556	162
6557	373
6558	292
6559	0
6560	13
6561	373
6562	373
6563	373
6564	33
6565	33
6566	68
6567	162
6568	33
6569	309
6570	13
6571	386
6572	373
6573	68
6574	105
6575	452
6576	314
6577	32
6578	33
6579	105
6580	0
6581	33
6582	292
6583	394
6584	0
6585	33
6586	421
6587	0
6588	137
6589	422
6590	33
6591	373
6592	33
6593	13
6594	13
6595	294
6596	373
6597	373
6598	0
6599	137
6600	314
6601	164
6602	248
6603	33
6604	421
6605	33
6606	373
6607	208
6608	356
6609	33
6610	125
6611	13
6612	394
6613	34
6614	373
6615	33
6616	373
6617	162
6618	13
6619	182
6620	0
6621	391
6622	0
6623	373
6624	83
6625	162
6626	203
6627	314
6628	33
6629	33
6630	0
6631	30
6632	0
6633	13
6634	30
6635	11
6636	11
6637	11
6638	421
6639	136
6640	33
6641	13
6642	33
6643	105
6644	421
6645	441
6646	33
6647	162
6648	0
6649	33
6650	373
6651	373
6652	373
6653	309
6654	0
6655	314
6656	0
6657	33
6658	212
6659	425
6660	0
6661	0
6662	314
6663	0
6664	373
6665	33
6666	373
6667	68
6668	373
6669	7
6670	219
6671	33
6672	421
6673	373
6674	150
6675	0
6676	0
6677	373
6678	309
6679	0
6680	33
6681	314
6682	32
6683	373
6684	26
6685	33
6686	33
6687	441
6688	13
6689	373
6690	33
6691	33
6692	33
6693	13
6694	373
6695	373
6696	68
6697	394
6698	33
6699	11
6700	33
6701	421
6702	373
6703	451
6704	421
6705	105
6706	11
6707	247
6708	33
6709	422
6710	162
6711	33
6712	34
6713	0
6714	33
6715	441
6716	373
6717	214
6718	0
6719	309
6720	13
6721	33
6722	105
6723	373
6724	53
6725	0
6726	33
6727	34
6728	233
6729	208
6730	33
6731	61
6732	33
6733	33
6734	373
6735	33
6736	32
6737	394
6738	0
6739	33
6740	421
6741	373
6742	33
6743	33
6744	373
6745	373
6746	86
6747	373
6748	309
6749	0
6750	0
6751	278
6752	0
6753	175
6754	33
6755	314
6756	0
6757	33
6758	373
6759	158
6760	30
6761	373
6762	436
6763	105
6764	33
6765	0
6766	0
6767	421
6768	33
6769	0
6770	33
6771	53
6772	293
6773	373
6774	33
6775	314
6776	242
6777	292
6778	13
6779	183
6780	318
6781	373
6782	0
6783	33
6784	33
6785	373
6786	0
6787	20
6788	11
6789	373
6790	137
6791	13
6792	105
6793	373
6794	421
6795	162
6796	314
6797	33
6798	162
6799	11
6800	373
6801	0
6802	0
6803	373
6804	33
6805	26
6806	162
6807	13
6808	421
6809	53
6810	0
6811	0
6812	33
6813	0
6814	33
6815	137
6816	214
6817	26
6818	436
6819	373
6820	34
6821	0
6822	373
6823	136
6824	33
6825	394
6826	33
6827	33
6828	33
6829	162
6830	373
6831	105
6832	33
6833	373
6834	33
6835	204
6836	314
6837	373
6838	68
6839	0
6840	11
6841	0
6842	79
6843	373
6844	412
6845	373
6846	68
6847	373
6848	373
6849	13
6850	33
6851	162
6852	11
6853	0
6854	421
6855	33
6856	13
6857	33
6858	105
6859	373
6860	222
6861	33
6862	373
6863	0
6864	33
6865	0
6866	373
6867	0
6868	13
6869	10
6870	258
6871	33
6872	26
6873	162
6874	218
6875	0
6876	314
6877	373
6878	0
6879	13
6880	0
6881	33
6882	31
6883	373
6884	161
6885	33
6886	394
6887	373
6888	373
6889	26
6890	33
6891	33
6892	53
6893	314
6894	31
6895	33
6896	243
6897	13
6898	421
6899	33
6900	395
6901	314
6902	373
6903	33
6904	33
6905	0
6906	373
6907	239
6908	0
6909	373
6910	26
6911	33
6912	11
6913	33
6914	288
6915	143
6916	0
6917	0
6918	373
6919	214
6920	27
6921	33
6922	33
6923	0
6924	373
6925	33
6926	348
6927	33
6928	314
6929	33
6930	373
6931	246
6932	11
6933	33
6934	33
6935	0
6936	0
6937	309
6938	137
6939	11
6940	0
6941	27
6942	421
6943	33
6944	373
6945	33
6946	11
6947	421
6948	314
6949	0
6950	33
6951	373
6952	33
6953	314
6954	13
6955	150
6956	248
6957	314
6958	373
6959	33
6960	171
6961	33
6962	79
6963	0
6964	436
6965	221
6966	421
6967	0
6968	136
6969	309
6970	33
6971	421
6972	314
6973	314
6974	422
6975	13
6976	33
6977	373
6978	33
6979	0
6980	32
6981	373
6982	33
6983	33
6984	373
6985	298
6986	400
6987	0
6988	0
6989	0
6990	33
6991	314
6992	4
6993	373
6994	53
6995	341
6996	206
6997	162
6998	441
6999	26
7000	377
7001	0
7002	162
7003	373
7004	33
7005	373
7006	395
7007	421
7008	309
7009	242
7010	1
7011	7
7012	421
7013	0
7014	373
7015	373
7016	136
7017	33
7018	162
7019	421
7020	373
7021	33
7022	373
7023	105
7024	310
7025	375
7026	214
7027	205
7028	129
7029	105
7030	150
7031	33
7032	11
7033	373
7034	0
7035	373
7036	0
7037	105
7038	140
7039	20
7040	373
7041	34
7042	33
7043	373
7044	0
7045	394
7046	0
7047	33
7048	27
7049	137
7050	143
7051	129
7052	373
7053	33
7054	68
7055	33
7056	20
7057	0
7058	373
7059	13
7060	0
7061	309
7062	0
7063	105
7064	309
7065	124
7066	53
7067	0
7068	208
7069	0
7070	248
7071	33
7072	309
7073	373
7074	33
7075	33
7076	373
7077	0
7078	373
7079	105
7080	452
7081	373
7082	33
7083	13
7084	292
7085	373
7086	68
7087	208
7088	33
7089	98
7090	0
7091	0
7092	309
7093	32
7094	33
7095	373
7096	373
7097	396
7098	96
7099	33
7100	309
7101	0
7102	373
7103	33
7104	421
7105	373
7106	0
7107	27
7108	395
7109	137
7110	309
7111	373
7112	225
7113	162
7114	433
7115	79
7116	421
7117	11
7118	162
7119	373
7120	242
7121	33
7122	0
7123	0
7124	422
7125	0
7126	0
7127	33
7128	13
7129	373
7130	11
7131	395
7132	33
7133	33
7134	0
7135	2
7136	33
7137	373
7138	421
7139	452
7140	373
7141	152
7142	137
7143	373
7144	373
7145	105
7146	33
7147	33
7148	13
7149	33
7150	31
7151	0
7152	20
7153	7
7154	0
7155	236
7156	105
7157	105
7158	0
7159	33
7160	373
7161	33
7162	373
7163	68
7164	373
7165	373
7166	13
7167	261
7168	0
7169	33
7170	373
7171	33
7172	373
7173	152
7174	373
7175	292
7176	257
7177	33
7178	0
7179	33
7180	394
7181	33
7182	248
7183	421
7184	373
7185	107
7186	33
7187	68
7188	13
7189	373
7190	20
7191	33
7192	0
7193	373
7194	18
7195	421
7196	233
7197	27
7198	0
7199	33
7200	33
7201	162
7202	0
7203	451
7204	162
7205	11
7206	373
7207	33
7208	373
7209	33
7210	449
7211	373
7212	195
7213	162
7214	373
7215	68
7216	242
7217	452
7218	0
7219	175
7220	373
7221	421
7222	33
7223	373
7224	373
7225	150
7226	0
7227	20
7228	105
7229	0
7230	373
7231	68
7232	90
7233	373
7234	30
7235	0
7236	0
7237	394
7238	373
7239	394
7240	0
7241	314
7242	292
7243	309
7244	32
7245	351
7246	105
7247	208
7248	33
7249	11
7250	373
7251	150
7252	416
7253	314
7254	314
7255	162
7256	351
7257	162
7258	33
7259	359
7260	0
7261	0
7262	61
7263	82
7264	33
7265	422
7266	208
7267	27
7268	208
7269	80
7270	373
7271	0
7272	0
7273	79
7274	33
7275	417
7276	11
7277	373
7278	422
7279	33
7280	292
7281	136
7282	33
7283	285
7284	349
7285	228
7286	373
7287	33
7288	373
7289	373
7290	292
7291	33
7292	11
7293	373
7294	309
7295	0
7296	105
7297	204
7298	33
7299	0
7300	13
7301	33
7302	13
7303	33
7304	0
7305	162
7306	421
7307	414
7308	373
7309	79
7310	137
7311	389
7312	33
7313	373
7314	33
7315	373
7316	33
7317	68
7318	0
7319	33
7320	32
7321	373
7322	292
7323	0
7324	395
7325	309
7326	33
7327	56
7328	314
7329	33
7330	292
7331	421
7332	314
7333	33
7334	0
7335	394
7336	373
7337	33
7338	373
7339	86
7340	33
7341	31
7342	11
7343	244
7344	33
7345	380
7346	0
7347	0
7348	105
7349	441
7350	33
7351	33
7352	110
7353	162
7354	0
7355	382
7356	32
7357	314
7358	33
7359	373
7360	98
7361	61
7362	373
7363	436
7364	0
7365	0
7366	11
7367	314
7368	33
7369	0
7370	13
7371	33
7372	0
7373	137
7374	143
7375	137
7376	373
7377	34
7378	162
7379	11
7380	373
7381	416
7382	373
7383	136
7384	419
7385	373
7386	0
7387	33
7388	373
7389	33
7390	373
7391	208
7392	33
7393	0
7394	204
7395	0
7396	0
7397	0
7398	150
7399	395
7400	33
7401	32
7402	373
7403	314
7404	0
7405	34
7406	33
7407	0
7408	247
7409	82
7410	11
7411	373
7412	110
7413	314
7414	26
7415	0
7416	0
7417	105
7418	0
7419	33
7420	373
7421	445
7422	373
7423	373
7424	373
7425	105
7426	11
7427	33
7428	373
7429	105
7430	33
7431	0
7432	441
7433	33
7434	33
7435	33
7436	138
7437	359
7438	33
7439	77
7440	13
7441	373
7442	13
7443	373
7444	309
7445	0
7446	248
7447	162
7448	33
7449	33
7450	373
7451	33
7452	373
7453	373
7454	105
7455	136
7456	421
7457	441
7458	373
7459	33
7460	0
7461	33
7462	373
7463	79
7464	309
7465	163
7466	248
7467	11
7468	395
7469	20
7470	136
7471	0
7472	0
7473	33
7474	82
7475	314
7476	421
7477	11
7478	33
7479	373
7480	162
7481	373
7482	33
7483	373
7484	0
7485	0
7486	373
7487	247
7488	421
7489	0
7490	105
7491	33
7492	33
7493	57
7494	0
7495	373
7496	373
7497	416
7498	33
7499	33
7500	33
7501	414
7502	136
7503	314
7504	11
7505	215
7506	0
7507	33
7508	408
7509	33
7510	33
7511	373
7512	441
7513	137
7514	33
7515	0
7516	98
7517	0
7518	450
7519	68
7520	373
7521	68
7522	33
7523	13
7524	0
7525	373
7526	68
7527	33
7528	309
7529	0
7530	0
7531	68
7532	309
7533	0
7534	105
7535	373
7536	294
7537	414
7538	416
7539	439
7540	53
7541	0
7542	309
7543	0
7544	13
7545	441
7546	0
7547	396
7548	309
7549	33
7550	33
7551	394
7552	33
7553	33
7554	309
7555	79
7556	373
7557	85
7558	33
7559	13
7560	0
7561	13
7562	373
7563	309
7564	341
7565	33
7566	33
7567	373
7568	59
7569	33
7570	33
7571	13
7572	33
7573	33
7574	11
7575	373
7576	309
7577	32
7578	208
7579	242
7580	33
7581	373
7582	0
7583	406
7584	0
7585	0
7586	0
7587	33
7588	367
7589	13
7590	144
7591	242
7592	421
7593	0
7594	27
7595	0
7596	27
7597	33
7598	20
7599	0
7600	373
7601	33
7602	373
7603	33
7604	105
7605	33
7606	138
7607	33
7608	33
7609	105
7610	132
7611	309
7612	314
7613	92
7614	68
7615	11
7616	0
7617	283
7618	0
7619	248
7620	373
7621	0
7622	233
7623	33
7624	309
7625	32
7626	373
7627	136
7628	33
7629	136
7630	33
7631	373
7632	129
7633	373
7634	0
7635	248
7636	33
7637	373
7638	314
7639	33
7640	33
7641	33
7642	136
7643	33
7644	33
7645	32
7646	33
7647	105
7648	0
7649	33
7650	206
7651	33
7652	11
7653	81
7654	33
7655	33
7656	13
7657	0
7658	373
7659	373
7660	421
7661	162
7662	373
7663	309
7664	0
7665	0
7666	0
7667	33
7668	400
7669	0
7670	33
7671	0
7672	373
7673	13
7674	373
7675	309
7676	33
7677	143
7678	33
7679	270
7680	33
7681	373
7682	33
7683	33
7684	59
7685	373
7686	33
7687	0
7688	33
7689	32
7690	0
7691	11
7692	28
7693	33
7694	0
7695	373
7696	33
7697	33
7698	33
7699	34
7700	33
7701	158
7702	0
7703	373
7704	318
7705	162
7706	137
7707	137
7708	373
7709	373
7710	32
7711	32
7712	105
7713	373
7714	367
7715	105
7716	105
7717	0
7718	0
7719	0
7720	33
7721	20
7722	373
7723	33
7724	0
7725	33
7726	11
7727	105
7728	43
7729	258
7730	0
7731	373
7732	33
7733	33
7734	33
7735	0
7736	416
7737	0
7738	33
7739	33
7740	201
7741	53
7742	33
7743	0
7744	373
7745	13
7746	450
7747	373
7748	162
7749	414
7750	33
7751	26
7752	208
7753	0
7754	33
7755	33
7756	373
7757	0
7758	0
7759	0
7760	419
7761	136
7762	436
7763	309
7764	68
7765	136
7766	0
7767	421
7768	314
7769	86
7770	0
7771	373
7772	421
7773	394
7774	0
7775	314
7776	34
7777	0
7778	0
7779	0
7780	373
7781	33
7782	95
7783	261
7784	76
7785	0
7786	33
7787	26
7788	247
7789	33
7790	394
7791	341
7792	421
7793	434
7794	150
7795	33
7796	0
7797	0
7798	26
7799	139
7800	11
7801	421
7802	13
7803	314
7804	136
7805	0
7806	422
7807	414
7808	13
7809	0
7810	68
7811	34
7812	373
7813	30
7814	32
7815	33
7816	0
7817	33
7818	399
7819	367
7820	292
7821	354
7822	421
7823	105
7824	422
7825	304
7826	33
7827	11
7828	0
7829	33
7830	11
7831	0
7832	0
7833	132
7834	33
7835	33
7836	162
7837	373
7838	421
7839	11
7840	68
7841	0
7842	162
7843	373
7844	33
7845	373
7846	373
7847	373
7848	414
7849	0
7850	0
7851	450
7852	373
7853	309
7854	373
7855	68
7856	53
7857	373
7858	27
7859	33
7860	137
7861	0
7862	34
7863	136
7864	33
7865	421
7866	5
7867	373
7868	0
7869	138
7870	33
7871	33
7872	32
7873	373
7874	33
7875	373
7876	373
7877	33
7878	33
7879	11
7880	421
7881	309
7882	450
7883	0
7884	33
7885	373
7886	92
7887	33
7888	373
7889	204
7890	247
7891	0
7892	0
7893	373
7894	68
7895	33
7896	87
7897	33
7898	68
7899	395
7900	180
7901	373
7902	162
7903	373
7904	229
7905	105
7906	300
7907	105
7908	0
7909	258
7910	0
7911	373
7912	421
7913	373
7914	314
7915	333
7916	11
7917	0
7918	421
7919	162
7920	242
7921	0
7922	32
7923	33
7924	314
7925	162
7926	33
7927	421
7928	0
7929	373
7930	11
7931	32
7932	373
7933	0
7934	33
7935	34
7936	0
7937	373
7938	162
7939	248
7940	314
7941	0
7942	136
7943	0
7944	105
7945	32
7946	0
7947	33
7948	33
7949	0
7950	33
7951	33
7952	162
7953	33
7954	373
7955	314
7956	33
7957	0
7958	33
7959	314
7960	20
7961	138
7962	33
7963	0
7964	247
7965	0
7966	373
7967	20
7968	26
7969	32
7970	394
7971	33
7972	33
7973	314
7974	373
7975	13
7976	20
7977	33
7978	373
7979	248
7980	8
7981	0
7982	136
7983	13
7984	373
7985	373
7986	33
7987	33
7988	33
7989	162
7990	0
7991	0
7992	373
7993	20
7994	130
7995	33
7996	80
7997	181
7998	314
7999	292
8000	162
8001	33
8002	34
8003	373
8004	33
8005	33
8006	395
8007	33
8008	11
8009	0
8010	373
8011	373
8012	61
8013	147
8014	129
8015	0
8016	373
8017	0
8018	359
8019	0
8020	33
8021	33
8022	11
8023	0
8024	143
8025	373
8026	395
8027	33
8028	0
8029	284
8030	33
8031	373
8032	11
8033	33
8034	105
8035	33
8036	0
8037	309
8038	162
8039	33
8040	395
8041	239
8042	32
8043	33
8044	11
8045	33
8046	20
8047	27
8048	34
8049	373
8050	11
8051	13
8052	114
8053	0
8054	68
8055	373
8056	309
8057	0
8058	373
8059	0
8060	421
8061	201
8062	417
8063	33
8064	421
8065	33
8066	82
8067	0
8068	53
8069	421
8070	33
8071	314
8072	0
8073	33
8074	33
8075	373
8076	33
8077	33
8078	247
8079	0
8080	33
8081	0
8082	436
8083	373
8084	33
8085	422
8086	79
8087	33
8088	144
8089	373
8090	373
8091	79
8092	373
8093	152
8094	88
8095	373
8096	33
8097	13
8098	309
8099	314
8100	26
8101	0
8102	373
8103	68
8104	309
8105	34
8106	33
8107	373
8108	105
8109	13
8110	373
8111	0
8112	0
8113	373
8114	11
8115	314
8116	373
8117	314
8118	0
8119	143
8120	33
8121	451
8122	373
8123	373
8124	33
8125	395
8126	162
8127	0
8128	33
8129	33
8130	421
8131	373
8132	373
8133	0
8134	441
8135	0
8136	421
8137	0
8138	105
8139	68
8140	394
8141	421
8142	13
8143	0
8144	365
8145	314
8146	373
8147	13
8148	11
8149	412
8150	441
8151	132
8152	325
8153	33
8154	137
8155	140
8156	33
8157	373
8158	33
8159	11
8160	373
8161	33
8162	0
8163	421
8164	330
8165	33
8166	394
8167	373
8168	33
8169	33
8170	373
8171	143
8172	0
8173	421
8174	373
8175	314
8176	0
8177	33
8178	373
8179	0
8180	105
8181	450
8182	33
8183	32
8184	373
8185	423
8186	239
8187	373
8188	0
8189	416
8190	33
8191	0
8192	206
8193	312
8194	373
8195	162
8196	33
8197	33
8198	115
8199	0
8200	33
8201	0
8202	204
8203	373
8204	416
8205	314
8206	33
8207	0
8208	373
8209	0
8210	0
8211	0
8212	0
8213	143
8214	421
8215	33
8216	314
8217	32
8218	33
8219	0
8220	26
8221	0
8222	0
8223	27
8224	314
8225	224
8226	33
8227	79
8228	33
8229	33
8230	422
8231	373
8232	33
8233	421
8234	373
8235	129
8236	373
8237	33
8238	185
8239	105
8240	441
8241	373
8242	162
8243	26
8244	438
8245	309
8246	68
8247	137
8248	292
8249	162
8250	33
8251	105
8252	33
8253	162
8254	373
8255	13
8256	394
8257	414
8258	309
8259	13
8260	9
8261	137
8262	258
8263	33
8264	27
8265	68
8266	0
8267	0
8268	32
8269	283
8270	33
8271	20
8272	150
8273	292
8274	97
8275	314
8276	0
8277	373
8278	421
8279	0
8280	0
8281	33
8282	441
8283	162
8284	0
8285	0
8286	33
8287	0
8288	33
8289	359
8290	33
8291	0
8292	33
8293	33
8294	325
8295	314
8296	421
8297	13
8298	162
8299	11
8300	33
8301	23
8302	373
8303	33
8304	0
8305	373
8306	373
8307	0
8308	0
8309	373
8310	33
8311	162
8312	34
8313	33
8314	309
8315	373
8316	0
8317	13
8318	33
8319	0
8320	405
8321	68
8322	373
8323	450
8324	33
8325	20
8326	414
8327	11
8328	373
8329	0
8330	132
8331	105
8332	80
8333	0
8334	33
8335	33
8336	33
8337	33
8338	162
8339	373
8340	314
8341	395
8342	27
8343	0
8344	68
8345	13
8346	129
8347	314
8348	373
8349	373
8350	26
8351	68
8352	33
8353	33
8354	162
8355	0
8356	258
8357	441
8358	11
8359	0
8360	373
8361	373
8362	373
8363	0
8364	7
8365	309
8366	13
8367	373
8368	394
8369	441
8370	373
8371	53
8372	373
8373	373
8374	373
8375	80
8376	373
8377	373
8378	33
8379	242
8380	212
8381	162
8382	0
8383	395
8384	309
8385	421
8386	261
8387	20
8388	162
8389	162
8390	81
8391	33
8392	34
8393	33
8394	33
8395	32
8396	0
8397	80
8398	33
8399	105
8400	33
8401	33
8402	68
8403	373
8404	162
8405	33
8406	11
8407	0
8408	129
8409	13
8410	33
8411	13
8412	13
8413	32
8414	0
8415	373
8416	373
8417	314
8418	0
8419	33
8420	394
8421	373
8422	11
8423	0
8424	68
8425	33
8426	68
8427	0
8428	162
8429	82
8430	309
8431	68
8432	309
8433	0
8434	79
8435	373
8436	53
8437	11
8438	421
8439	314
8440	33
8441	373
8442	92
8443	105
8444	0
8445	33
8446	0
8447	33
8448	391
8449	214
8450	373
8451	33
8452	33
8453	105
8454	0
8455	0
8456	11
8457	0
8458	421
8459	204
8460	104
8461	373
8462	33
8463	309
8464	395
8465	421
8466	440
8467	373
8468	309
8469	13
8470	0
8471	441
8472	33
8473	261
8474	0
8475	11
8476	20
8477	421
8478	11
8479	136
8480	33
8481	422
8482	33
8483	12
8484	68
8485	79
8486	33
8487	414
8488	248
8489	278
8490	192
8491	373
8492	156
8493	0
8494	33
8495	0
8496	33
8497	144
8498	421
8499	421
8500	367
8501	314
8502	436
8503	33
8504	11
8505	20
8506	162
8507	68
8508	129
8509	0
8510	0
8511	201
8512	359
8513	0
8514	421
8515	373
8516	33
8517	53
8518	0
8519	31
8520	162
8521	373
8522	13
8523	144
8524	0
8525	314
8526	26
8527	144
8528	34
8529	0
8530	162
8531	13
8532	32
8533	33
8534	11
8535	373
8536	373
8537	33
8538	33
8539	32
8540	0
8541	33
8542	0
8543	33
8544	0
8545	0
8546	33
8547	33
8548	214
8549	33
8550	373
8551	33
8552	105
8553	208
8554	105
8555	33
8556	20
8557	314
8558	258
8559	373
8560	57
8561	373
8562	33
8563	373
8564	0
8565	373
8566	309
8567	309
8568	18
8569	373
8570	33
8571	33
8572	421
8573	314
8574	373
8575	13
8576	162
8577	248
8578	0
8579	441
8580	194
8581	13
8582	373
8583	373
8584	0
8585	33
8586	53
8587	33
8588	373
8589	309
8590	292
8591	105
8592	0
8593	0
8594	0
8595	33
8596	13
8597	314
8598	33
8599	247
8600	373
8601	0
8602	33
8603	162
8604	0
8605	241
8606	414
8607	19
8608	0
8609	373
8610	309
8611	400
8612	13
8613	13
8614	373
8615	33
8616	0
8617	311
8618	13
8619	394
8620	20
8621	421
8622	373
8623	13
8624	33
8625	373
8626	243
8627	33
8628	262
8629	0
8630	0
8631	33
8632	0
8633	105
8634	117
8635	25
8636	373
8637	373
8638	264
8639	20
8640	20
8641	373
8642	0
8643	0
8644	0
8645	33
8646	68
8647	373
8648	370
8649	0
8650	33
8651	33
8652	33
8653	0
8654	373
8655	68
8656	13
8657	33
8658	32
8659	0
8660	314
8661	11
8662	414
8663	0
8664	436
8665	325
8666	309
8667	0
8668	68
8669	20
8670	0
8671	13
8672	373
8673	206
8674	11
8675	33
8676	162
8677	373
8678	13
8679	197
8680	292
8681	373
8682	0
8683	11
8684	32
8685	373
8686	33
8687	68
8688	13
8689	314
8690	33
8691	11
8692	0
8693	33
8694	373
8695	421
8696	0
8697	421
8698	129
8699	165
8700	33
8701	12
8702	0
8703	373
8704	0
8705	109
8706	314
8707	33
8708	0
8709	0
8710	373
8711	13
8712	162
8713	33
8714	421
8715	13
8716	0
8717	33
8718	373
8719	373
8720	33
8721	0
8722	32
8723	373
8724	11
8725	33
8726	421
8727	248
8728	373
8729	33
8730	0
8731	373
8732	373
8733	33
8734	0
8735	351
8736	441
8737	0
8738	0
8739	309
8740	68
8741	84
8742	422
8743	136
8744	11
8745	33
8746	441
8747	33
8748	13
8749	292
8750	137
8751	373
8752	0
8753	328
8754	13
8755	114
8756	373
8757	0
8758	373
8759	373
8760	373
8761	19
8762	0
8763	162
8764	373
8765	0
8766	33
8767	314
8768	162
8769	32
8770	20
8771	0
8772	129
8773	132
8774	13
8775	33
8776	394
8777	150
8778	33
8779	33
8780	373
8781	26
8782	158
8783	33
8784	61
8785	13
8786	0
8787	105
8788	373
8789	0
8790	34
8791	129
8792	132
8793	83
8794	0
8795	33
8796	20
8797	0
8798	122
8799	314
8800	33
8801	373
8802	11
8803	0
8804	13
8805	309
8806	33
8807	82
8808	53
8809	11
8810	162
8811	247
8812	79
8813	391
8814	137
8815	0
8816	0
8817	33
8818	33
8819	373
8820	32
8821	150
8822	0
8823	373
8824	314
8825	129
8826	0
8827	32
8828	33
8829	0
8830	20
8831	0
8832	144
8833	13
8834	33
8835	309
8836	373
8837	158
8838	203
8839	373
8840	373
8841	33
8842	33
8843	34
8844	256
8845	105
8846	33
8847	11
8848	373
8849	0
8850	0
8851	421
8852	0
8853	208
8854	0
8855	0
8856	61
8857	33
8858	348
8859	292
8860	33
8861	34
8862	162
8863	414
8864	373
8865	33
8866	309
8867	373
8868	0
8869	33
8870	452
8871	430
8872	373
8873	321
8874	13
8875	395
8876	29
8877	11
8878	0
8879	82
8880	282
8881	13
8882	373
8883	0
8884	33
8885	0
8886	0
8887	373
8888	11
8889	309
8890	53
8891	421
8892	79
8893	33
8894	33
8895	150
8896	33
8897	33
8898	33
8899	0
8900	395
8901	105
8902	32
8903	373
8904	105
8905	33
8906	162
8907	162
8908	13
8909	373
8910	162
8911	127
8912	0
8913	0
8914	373
8915	214
8916	11
8917	0
8918	0
8919	394
8920	33
8921	137
8922	33
8923	32
8924	33
8925	33
8926	136
8927	248
8928	441
8929	441
8930	53
8931	33
8932	33
8933	33
8934	0
8935	0
8936	98
8937	345
8938	33
8939	129
8940	335
8941	13
8942	436
8943	79
8944	0
8945	105
8946	373
8947	68
8948	341
8949	136
8950	373
8951	421
8952	13
8953	0
8954	373
8955	373
8956	193
8957	105
8958	373
8959	421
8960	383
8961	32
8962	150
8963	33
8964	162
8965	373
8966	248
8967	149
8968	373
8969	33
8970	162
8971	264
8972	33
8973	11
8974	422
8975	162
8976	68
8977	0
8978	0
8979	314
8980	34
8981	105
8982	373
8983	0
8984	33
8985	373
8986	281
8987	33
8988	417
8989	373
8990	68
8991	309
8992	13
8993	33
8994	398
8995	373
8996	33
8997	247
8998	0
8999	0
9000	224
9001	309
9002	33
9003	373
9004	355
9005	146
9006	373
9007	0
9008	201
9009	33
9010	373
9011	33
9012	20
9013	402
9014	33
9015	68
9016	0
9017	373
9018	256
9019	373
9020	441
9021	0
9022	373
9023	332
9024	13
9025	0
9026	33
9027	373
9028	351
9029	33
9030	314
9031	314
9032	34
9033	217
9034	20
9035	248
9036	0
9037	88
9038	13
9039	33
9040	33
9041	33
9042	373
9043	373
9044	11
9045	0
9046	204
9047	309
9048	157
9049	33
9050	59
9051	32
9052	33
9053	68
9054	373
9055	373
9056	373
9057	0
9058	373
9059	0
9060	26
9061	0
9062	11
9063	0
9064	33
9065	309
9066	33
9067	214
9068	5
9069	32
9070	33
9071	33
9072	0
9073	379
9074	314
9075	0
9076	33
9077	137
9078	395
9079	82
9080	422
9081	373
9082	248
9083	373
9084	0
9085	395
9086	33
9087	373
9088	0
9089	68
9090	33
9091	33
9092	33
9093	272
9094	359
9095	20
9096	33
9097	33
9098	314
9099	373
9100	373
9101	414
9102	13
9103	33
9104	0
9105	13
9106	422
9107	367
9108	0
9109	421
9110	0
9111	11
9112	373
9113	33
9114	149
9115	0
9116	11
9117	173
9118	53
9119	373
9120	0
9121	373
9122	13
9123	11
9124	0
9125	151
9126	373
9127	79
9128	33
9129	32
9130	162
9131	373
9132	169
9133	373
9134	414
9135	162
9136	105
9137	33
9138	0
9139	31
9140	33
9141	233
9142	305
9143	394
9144	373
9145	180
9146	314
9147	33
9148	34
9149	33
9150	401
9151	129
9152	277
9153	0
9154	373
9155	373
9156	0
9157	309
9158	127
9159	433
9160	373
9161	105
9162	373
9163	0
9164	188
9165	33
9166	373
9167	311
9168	373
9169	33
9170	33
9171	13
9172	0
9173	33
9174	239
9175	0
9176	13
9177	33
9178	314
9179	53
9180	373
9181	13
9182	373
9183	11
9184	308
9185	34
9186	275
9187	33
9188	248
9189	209
9190	32
9191	373
9192	13
9193	0
9194	33
9195	34
9196	373
9197	33
9198	33
9199	182
9200	33
9201	79
9202	373
9203	32
9204	373
9205	33
9206	373
9207	417
9208	33
9209	0
9210	162
9211	325
9212	373
9213	394
9214	243
9215	373
9216	18
9217	314
9218	422
9219	33
9220	373
9221	13
9222	416
9223	26
9224	53
9225	373
9226	373
9227	0
9228	373
9229	309
9230	33
9231	30
9232	359
9233	373
9234	33
9235	0
9236	33
9237	33
9238	421
9239	373
9240	53
9241	373
9242	0
9243	162
9244	150
9245	309
9246	86
9247	294
9248	33
9249	394
9250	314
9251	417
9252	0
9253	0
9254	13
9255	0
9256	138
9257	332
9258	33
9259	33
9260	33
9261	0
9262	0
9263	0
9264	7
9265	421
9266	0
9267	373
9268	158
9269	33
9270	208
9271	373
9272	258
9273	187
9274	0
9275	0
9276	80
9277	236
9278	309
9279	33
9280	0
9281	13
9282	33
9283	13
9284	11
9285	314
9286	33
9287	13
9288	33
9289	32
9290	105
9291	216
9292	373
9293	0
9294	11
9295	450
9296	40
9297	309
9298	68
9299	79
9300	162
9301	0
9302	185
9303	66
9304	13
9305	204
9306	13
9307	32
